Revenue
55221.8
Rack/Week,1,2,3,4,5,6,7,8,9,10,11,12,13,14,15,16,17,18,19,20,21,22,23,24,25,26,27,28,29,30,31,32,33,34,35,36,37,38,39,40
1,23,23,23,23,23,23,23,23,23,E,23,23,23,23,23,23,23,23,23,E,21,21,21,21,21,21,21,E,23,23,23,23,23,23,23,23,23,E,M,
2,5,5,5,5,E,5,5,5,5,E,5,5,5,5,E,,3,3,3,3,E,3,3,3,3,E,3,3,3,3,E,,3,3,3,3,E,,,
3,23,23,23,23,23,23,23,23,23,E,23,23,23,23,23,23,23,23,23,E,21,21,21,21,21,21,21,E,23,23,23,23,23,23,23,23,23,E,,
4,5,5,5,5,E,5,5,5,5,E,5,5,5,5,E,,3,3,3,3,E,3,3,3,3,E,3,3,3,3,E,,3,3,3,3,E,,,
5,23,23,23,23,23,23,23,23,23,E,23,23,23,23,23,23,23,23,23,E,21,21,21,21,21,21,21,E,23,23,23,23,23,23,23,23,23,E,,
6,18,18,18,18,18,18,18,18,18,18,18,E,18,18,18,18,18,18,18,18,18,18,18,E,16,16,16,16,E,16,16,16,16,E,16,16,16,16,E,
7,23,23,23,23,23,23,23,23,23,E,23,23,23,23,23,23,23,23,23,E,21,21,21,21,21,21,21,E,23,23,23,23,23,23,23,23,23,E,,
8,18,18,18,18,18,18,18,18,18,18,18,E,18,18,18,18,18,18,18,18,18,18,18,E,16,16,16,16,E,16,16,16,16,E,16,16,16,16,E,
9,23,23,23,23,23,23,23,23,23,E,23,23,23,23,23,23,23,23,23,E,21,21,21,21,21,21,21,E,23,23,23,23,23,23,23,23,23,E,,
10,18,18,18,18,18,18,18,18,18,18,18,E,18,18,18,18,18,18,18,18,18,18,18,E,16,16,16,16,E,16,16,16,16,E,16,16,16,16,E,
11,23,23,23,23,23,23,23,23,23,E,23,23,23,23,23,23,23,23,23,E,21,21,21,21,21,21,21,E,23,23,23,23,23,23,23,23,23,E,,
12,18,18,18,18,18,18,18,18,18,18,18,E,18,18,18,18,18,18,18,18,18,18,18,E,16,16,16,16,E,16,16,16,16,E,16,16,16,16,E,
13,23,23,23,23,23,23,23,23,23,E,23,23,23,23,23,23,23,23,23,E,21,21,21,21,21,21,21,E,23,23,23,23,23,23,23,23,23,E,,
14,5,5,5,5,E,5,5,5,5,E,5,5,5,5,E,,3,3,3,3,E,3,3,3,3,E,3,3,3,3,E,,3,3,3,3,E,,,
15,23,23,23,23,23,23,23,23,23,E,23,23,23,23,23,23,23,23,23,E,21,21,21,21,21,21,21,E,23,23,23,23,23,23,23,23,23,E,,
16,5,5,5,5,E,5,5,5,5,E,5,5,5,5,E,,3,3,3,3,E,3,3,3,3,E,3,3,3,3,E,,3,3,3,3,E,,,
17,23,23,23,23,23,23,23,23,23,E,23,23,23,23,23,23,23,23,23,E,21,21,21,21,21,21,21,E,23,23,23,23,23,23,23,23,23,E,,
18,5,5,5,5,E,5,5,5,5,E,5,5,5,5,E,,3,3,3,3,E,3,3,3,3,E,3,3,3,3,E,,3,3,3,3,E,,,
19,23,23,23,23,23,23,23,23,23,E,23,23,23,23,23,23,23,23,23,E,21,21,21,21,21,21,21,E,23,23,23,23,23,23,23,23,23,E,,
20,18,18,18,18,18,18,18,18,18,18,18,E,18,18,18,18,18,18,18,18,18,18,18,E,16,16,16,16,E,16,16,16,16,E,16,16,16,16,E,
21,23,23,23,23,23,23,23,23,23,E,23,23,23,23,23,23,23,23,23,E,21,21,21,21,21,21,21,E,23,23,23,23,23,23,23,23,23,E,,
22,18,18,18,18,18,18,18,18,18,18,18,E,18,18,18,18,18,18,18,18,18,18,18,E,16,16,16,16,E,16,16,16,16,E,16,16,16,16,E,
23,23,23,23,23,23,23,23,23,23,E,23,23,23,23,23,23,23,23,23,E,21,21,21,21,21,21,21,E,23,23,23,23,23,23,23,23,23,E,,
24,5,5,5,5,E,5,5,5,5,E,5,5,5,5,E,,3,3,3,3,E,3,3,3,3,E,3,3,3,3,E,,3,3,3,3,E,,,
25,23,23,23,23,23,23,23,23,23,E,23,23,23,23,23,23,23,23,23,E,21,21,21,21,21,21,21,E,23,23,23,23,23,23,23,23,23,E,,
26,5,5,5,5,E,5,5,5,5,E,5,5,5,5,E,,3,3,3,3,E,3,3,3,3,E,3,3,3,3,E,,3,3,3,3,E,,,
27,23,23,23,23,23,23,23,23,23,E,23,23,23,23,23,23,23,23,23,E,21,21,21,21,21,21,21,E,23,23,23,23,23,23,23,23,23,E,,
28,5,5,5,5,E,5,5,5,5,E,5,5,5,5,E,,3,3,3,3,E,3,3,3,3,E,3,3,3,3,E,,3,3,3,3,E,,,
29,23,23,23,23,23,23,23,23,23,E,23,23,23,23,23,23,23,23,23,E,21,21,21,21,21,21,21,E,23,23,23,23,23,23,23,23,23,E,,
30,5,5,5,5,E,5,5,5,5,E,5,5,5,5,E,,3,3,3,3,E,3,3,3,3,E,3,3,3,3,E,,3,3,3,3,E,,,
31,23,23,23,23,23,23,23,23,23,E,23,23,23,23,23,23,23,23,23,E,21,21,21,21,21,21,21,E,23,23,23,23,23,23,23,23,23,E,,
32,5,5,5,5,E,5,5,5,5,E,5,5,5,5,E,,3,3,3,3,E,3,3,3,3,E,3,3,3,3,E,,3,3,3,3,E,,,
33,23,23,23,23,23,23,23,23,23,E,23,23,23,23,23,23,23,23,23,E,21,21,21,21,21,21,21,E,23,23,23,23,23,23,23,23,23,E,,
34,5,5,5,5,E,5,5,5,5,E,5,5,5,5,E,,3,3,3,3,E,3,3,3,3,E,3,3,3,3,E,,3,3,3,3,E,,,
35,23,23,23,23,23,23,23,23,23,E,23,23,23,23,23,23,23,23,23,E,21,21,21,21,21,21,21,E,23,23,23,23,23,23,23,23,23,E,,
36,18,18,18,18,18,18,18,18,18,18,18,E,18,18,18,18,18,18,18,18,18,18,18,E,16,16,16,16,E,16,16,16,16,E,16,16,16,16,E,
37,23,23,23,23,23,23,23,23,23,E,23,23,23,23,23,23,23,23,23,E,21,21,21,21,21,21,21,E,23,23,23,23,23,23,23,23,23,E,,
38,5,5,5,5,E,5,5,5,5,E,5,5,5,5,E,,3,3,3,3,E,3,3,3,3,E,3,3,3,3,E,,3,3,3,3,E,,,
39,23,23,23,23,23,23,23,23,23,E,23,23,23,23,23,23,23,23,23,E,21,21,21,21,21,21,21,E,23,23,23,23,23,23,23,23,23,E,,
40,18,18,18,18,18,18,18,18,18,18,18,E,18,18,18,18,18,18,18,18,18,18,18,E,16,16,16,16,E,16,16,16,16,E,16,16,16,16,E,
41,23,23,23,23,23,23,23,23,23,E,23,23,23,23,23,23,23,23,23,E,21,21,21,21,21,21,21,E,23,23,23,23,23,23,23,23,23,E,,
42,18,18,18,18,18,18,18,18,18,18,18,E,18,18,18,18,18,18,18,18,18,18,18,E,16,16,16,16,E,16,16,16,16,E,16,16,16,16,E,
43,23,23,23,23,23,23,23,23,23,E,23,23,23,23,23,23,23,23,23,E,21,21,21,21,21,21,21,E,23,23,23,23,23,23,23,23,23,E,,
44,18,18,18,18,18,18,18,18,18,18,18,E,18,18,18,18,18,18,18,18,18,18,18,E,16,16,16,16,E,16,16,16,16,E,16,16,16,16,E,
45,23,23,23,23,23,23,23,23,23,E,23,23,23,23,23,23,23,23,23,E,21,21,21,21,21,21,21,E,23,23,23,23,23,23,23,23,23,E,,
46,5,5,5,5,E,5,5,5,5,E,5,5,5,5,E,,3,3,3,3,E,3,3,3,3,E,3,3,3,3,E,,3,3,3,3,E,,,
47,23,23,23,23,23,23,23,23,23,E,23,23,23,23,23,23,23,23,23,E,21,21,21,21,21,21,21,E,23,23,23,23,23,23,23,23,23,E,,
48,5,5,5,5,E,5,5,5,5,E,5,5,5,5,E,,3,3,3,3,E,3,3,3,3,E,3,3,3,3,E,,3,3,3,3,E,,,
49,23,23,23,23,23,23,23,23,23,E,23,23,23,23,23,23,23,23,23,E,21,21,21,21,21,21,21,E,23,23,23,23,23,23,23,23,23,E,,
50,5,5,5,5,E,5,5,5,5,E,5,5,5,5,E,,3,3,3,3,E,3,3,3,3,E,3,3,3,3,E,,3,3,3,3,E,,,
51,23,23,23,23,23,23,23,23,23,E,23,23,23,23,23,23,23,23,23,E,21,21,21,21,21,21,21,E,23,23,23,23,23,23,23,23,23,E,,
52,5,5,5,5,E,5,5,5,5,E,5,5,5,5,E,,3,3,3,3,E,3,3,3,3,E,3,3,3,3,E,,3,3,3,3,E,,,
53,23,23,23,23,23,23,23,23,23,E,23,23,23,23,23,23,23,23,23,E,21,21,21,21,21,21,21,E,23,23,23,23,23,23,23,23,23,E,,
54,5,5,5,5,E,5,5,5,5,E,5,5,5,5,E,,3,3,3,3,E,3,3,3,3,E,3,3,3,3,E,,3,3,3,3,E,,,
55,23,23,23,23,23,23,23,23,23,E,23,23,23,23,23,23,23,23,23,E,21,21,21,21,21,21,21,E,23,23,23,23,23,23,23,23,23,E,,
56,18,18,18,18,18,18,18,18,18,18,18,E,18,18,18,18,18,18,18,18,18,18,18,E,16,16,16,16,E,16,16,16,16,E,16,16,16,16,E,
57,23,23,23,23,23,23,23,23,23,E,23,23,23,23,23,23,23,23,23,E,21,21,21,21,21,21,21,E,23,23,23,23,23,23,23,23,23,E,,
58,18,18,18,18,18,18,18,18,18,18,18,E,18,18,18,18,18,18,18,18,18,18,18,E,16,16,16,16,E,16,16,16,16,E,16,16,16,16,E,
59,23,23,23,23,23,23,23,23,23,E,23,23,23,23,23,23,23,23,23,E,21,21,21,21,21,21,21,E,23,23,23,23,23,23,23,23,23,E,,
60,5,5,5,5,E,5,5,5,5,E,5,5,5,5,E,,3,3,3,3,E,3,3,3,3,E,3,3,3,3,E,,3,3,3,3,E,,,
61,23,23,23,23,23,23,23,23,23,E,23,23,23,23,23,23,23,23,23,E,21,21,21,21,21,21,21,E,23,23,23,23,23,23,23,23,23,E,,
62,5,5,5,5,E,5,5,5,5,E,5,5,5,5,E,,3,3,3,3,E,3,3,3,3,E,3,3,3,3,E,,3,3,3,3,E,,,
63,23,23,23,23,23,23,23,23,23,E,23,23,23,23,23,23,23,23,23,E,21,21,21,21,21,21,21,E,23,23,23,23,23,23,23,23,23,E,,
64,18,18,18,18,18,18,18,18,18,18,18,E,18,18,18,18,18,18,18,18,18,18,18,E,16,16,16,16,E,16,16,16,16,E,16,16,16,16,E,
65,23,23,23,23,23,23,23,23,23,E,23,23,23,23,23,23,23,23,23,E,21,21,21,21,21,21,21,E,23,23,23,23,23,23,23,23,23,E,,
66,18,18,18,18,18,18,18,18,18,18,18,E,18,18,18,18,18,18,18,18,18,18,18,E,16,16,16,16,E,16,16,16,16,E,16,16,16,16,E,
67,23,23,23,23,23,23,23,23,23,E,23,23,23,23,23,23,23,23,23,E,21,21,21,21,21,21,21,E,23,23,23,23,23,23,23,23,23,E,,
68,5,5,5,5,E,5,5,5,5,E,5,5,5,5,E,,3,3,3,3,E,3,3,3,3,E,3,3,3,3,E,,3,3,3,3,E,,,
69,23,23,23,23,23,23,23,23,23,E,23,23,23,23,23,23,23,23,23,E,21,21,21,21,21,21,21,E,23,23,23,23,23,23,23,23,23,E,,
70,5,5,5,5,E,5,5,5,5,E,5,5,5,5,E,,3,3,3,3,E,3,3,3,3,E,3,3,3,3,E,,3,3,3,3,E,,,
71,23,23,23,23,23,23,23,23,23,E,23,23,23,23,23,23,23,23,23,E,21,21,21,21,21,21,21,E,23,23,23,23,23,23,23,23,23,E,,
72,18,18,18,18,18,18,18,18,18,18,18,E,18,18,18,18,18,18,18,18,18,18,18,E,16,16,16,16,E,16,16,16,16,E,16,16,16,16,E,
73,23,23,23,23,23,23,23,23,23,E,23,23,23,23,23,23,23,23,23,E,21,21,21,21,21,21,21,E,23,23,23,23,23,23,23,23,23,E,,
74,5,5,5,5,E,5,5,5,5,E,5,5,5,5,E,,3,3,3,3,E,3,3,3,3,E,3,3,3,3,E,,3,3,3,3,E,,,
75,23,23,23,23,23,23,23,23,23,E,23,23,23,23,23,23,23,23,23,E,21,21,21,21,21,21,21,E,23,23,23,23,23,23,23,23,23,E,,
76,5,5,5,5,E,5,5,5,5,E,5,5,5,5,E,,3,3,3,3,E,3,3,3,3,E,3,3,3,3,E,,3,3,3,3,E,,,
77,23,23,23,23,23,23,23,23,23,E,23,23,23,23,23,23,23,23,23,E,21,21,21,21,21,21,21,E,23,23,23,23,23,23,23,23,23,E,,
78,5,5,5,5,E,5,5,5,5,E,5,5,5,5,E,,3,3,3,3,E,3,3,3,3,E,3,3,3,3,E,,3,3,3,3,E,,,
79,23,23,23,23,23,23,23,23,23,E,23,23,23,23,23,23,23,23,23,E,21,21,21,21,21,21,21,E,23,23,23,23,23,23,23,23,23,E,,
80,18,18,18,18,18,18,18,18,18,18,18,E,18,18,18,18,18,18,18,18,18,18,18,E,16,16,16,16,E,16,16,16,16,E,16,16,16,16,E,
81,23,23,23,23,23,23,23,23,23,E,23,23,23,23,23,23,23,23,23,E,21,21,21,21,21,21,21,E,23,23,23,23,23,23,23,23,23,E,,
82,5,5,5,5,E,5,5,5,5,E,5,5,5,5,E,,3,3,3,3,E,3,3,3,3,E,3,3,3,3,E,,3,3,3,3,E,,,
83,23,23,23,23,23,23,23,23,23,E,23,23,23,23,23,23,23,23,23,E,21,21,21,21,21,21,21,E,23,23,23,23,23,23,23,23,23,E,,
84,18,18,18,18,18,18,18,18,18,18,18,E,18,18,18,18,18,18,18,18,18,18,18,E,16,16,16,16,E,16,16,16,16,E,16,16,16,16,E,
85,23,23,23,23,23,23,23,23,23,E,23,23,23,23,23,23,23,23,23,E,21,21,21,21,21,21,21,E,23,23,23,23,23,23,23,23,23,E,,
86,5,5,5,5,E,5,5,5,5,E,5,5,5,5,E,,3,3,3,3,E,3,3,3,3,E,3,3,3,3,E,,3,3,3,3,E,,,
87,23,23,23,23,23,23,23,23,23,E,23,23,23,23,23,23,23,23,23,E,21,21,21,21,21,21,21,E,23,23,23,23,23,23,23,23,23,E,,
88,5,5,5,5,E,5,5,5,5,E,5,5,5,5,E,,3,3,3,3,E,3,3,3,3,E,3,3,3,3,E,,3,3,3,3,E,,,
89,23,23,23,23,23,23,23,23,23,E,23,23,23,23,23,23,23,23,23,E,21,21,21,21,21,21,21,E,23,23,23,23,23,23,23,23,23,E,,
90,18,18,18,18,18,18,18,18,18,18,18,E,18,18,18,18,18,18,18,18,18,18,18,E,16,16,16,16,E,16,16,16,16,E,16,16,16,16,E,
91,23,23,23,23,23,23,23,23,23,E,23,23,23,23,23,23,23,23,23,E,21,21,21,21,21,21,21,E,23,23,23,23,23,23,23,23,23,E,,
92,18,18,18,18,18,18,18,18,18,18,18,E,18,18,18,18,18,18,18,18,18,18,18,E,16,16,16,16,E,16,16,16,16,E,16,16,16,16,E,
93,23,23,23,23,23,23,23,23,23,E,23,23,23,23,23,23,23,23,23,E,21,21,21,21,21,21,21,E,23,23,23,23,23,23,23,23,23,E,,
94,18,18,18,18,18,18,18,18,18,18,18,E,18,18,18,18,18,18,18,18,18,18,18,E,16,16,16,16,E,16,16,16,16,E,16,16,16,16,E,
95,23,23,23,23,23,23,23,23,23,E,23,23,23,23,23,23,23,23,23,E,21,21,21,21,21,21,21,E,23,23,23,23,23,23,23,23,23,E,,
96,18,18,18,18,18,18,18,18,18,18,18,E,18,18,18,18,18,18,18,18,18,18,18,E,16,16,16,16,E,16,16,16,16,E,16,16,16,16,E,
97,23,23,23,23,23,23,23,23,23,E,23,23,23,23,23,23,23,23,23,E,21,21,21,21,21,21,21,E,23,23,23,23,23,23,23,23,23,E,,
98,5,5,5,5,E,5,5,5,5,E,5,5,5,5,E,,3,3,3,3,E,3,3,3,3,E,3,3,3,3,E,,3,3,3,3,E,,,
99,23,23,23,23,23,23,23,23,23,E,23,23,23,23,23,23,23,23,23,E,21,21,21,21,21,21,21,E,23,23,23,23,23,23,23,23,23,E,,
100,18,18,18,18,18,18,18,18,18,18,18,E,18,18,18,18,18,18,18,18,18,18,18,E,16,16,16,16,E,16,16,16,16,E,16,16,16,16,E,
101,23,23,23,23,23,23,23,23,23,E,23,23,23,23,23,23,23,23,23,E,21,21,21,21,21,21,21,E,23,23,23,23,23,23,23,23,23,E,,
102,18,18,18,18,18,18,18,18,18,18,18,E,18,18,18,18,18,18,18,18,18,18,18,E,16,16,16,16,E,16,16,16,16,E,16,16,16,16,E,
103,23,23,23,23,23,23,23,23,23,E,23,23,23,23,23,23,23,23,23,E,21,21,21,21,21,21,21,E,23,23,23,23,23,23,23,23,23,E,,
104,5,5,5,5,E,5,5,5,5,E,5,5,5,5,E,,3,3,3,3,E,3,3,3,3,E,3,3,3,3,E,,3,3,3,3,E,,,
105,23,23,23,23,23,23,23,23,23,E,23,23,23,23,23,23,23,23,23,E,21,21,21,21,21,21,21,E,23,23,23,23,23,23,23,23,23,E,,
106,18,18,18,18,18,18,18,18,18,18,18,E,18,18,18,18,18,18,18,18,18,18,18,E,16,16,16,16,E,16,16,16,16,E,16,16,16,16,E,
107,23,23,23,23,23,23,23,23,23,E,23,23,23,23,23,23,23,23,23,E,21,21,21,21,21,21,21,E,23,23,23,23,23,23,23,23,23,E,,
108,18,18,18,18,18,18,18,18,18,18,18,E,18,18,18,18,18,18,18,18,18,18,18,E,16,16,16,16,E,16,16,16,16,E,16,16,16,16,E,
109,23,23,23,23,23,23,23,23,23,E,23,23,23,23,23,23,23,23,23,E,21,21,21,21,21,21,21,E,23,23,23,23,23,23,23,23,23,E,,
110,18,18,18,18,18,18,18,18,18,18,18,E,18,18,18,18,18,18,18,18,18,18,18,E,16,16,16,16,E,16,16,16,16,E,16,16,16,16,E,
111,23,23,23,23,23,23,23,23,23,E,23,23,23,23,23,23,23,23,23,E,21,21,21,21,21,21,21,E,23,23,23,23,23,23,23,23,23,E,,
112,5,5,5,5,E,5,5,5,5,E,5,5,5,5,E,,3,3,3,3,E,3,3,3,3,E,3,3,3,3,E,,3,3,3,3,E,,,
113,23,23,23,23,23,23,23,23,23,E,23,23,23,23,23,23,23,23,23,E,21,21,21,21,21,21,21,E,23,23,23,23,23,23,23,23,23,E,,
114,5,5,5,5,E,5,5,5,5,E,5,5,5,5,E,,3,3,3,3,E,3,3,3,3,E,3,3,3,3,E,,3,3,3,3,E,,,
115,23,23,23,23,23,23,23,23,23,E,23,23,23,23,23,23,23,23,23,E,21,21,21,21,21,21,21,E,23,23,23,23,23,23,23,23,23,E,,
116,5,5,5,5,E,5,5,5,5,E,5,5,5,5,E,,3,3,3,3,E,3,3,3,3,E,3,3,3,3,E,,3,3,3,3,E,,,
117,23,23,23,23,23,23,23,23,23,E,23,23,23,23,23,23,23,23,23,E,21,21,21,21,21,21,21,E,23,23,23,23,23,23,23,23,23,E,,
118,18,18,18,18,18,18,18,18,18,18,18,E,18,18,18,18,18,18,18,18,18,18,18,E,16,16,16,16,E,16,16,16,16,E,16,16,16,16,E,
119,23,23,23,23,23,23,23,23,23,E,23,23,23,23,23,23,23,23,23,E,21,21,21,21,21,21,21,E,23,23,23,23,23,23,23,23,23,E,,
120,18,18,18,18,18,18,18,18,18,18,18,E,18,18,18,18,18,18,18,18,18,18,18,E,16,16,16,16,E,16,16,16,16,E,16,16,16,16,E,
121,23,23,23,23,23,23,23,23,23,E,23,23,23,23,23,23,23,23,23,E,21,21,21,21,21,21,21,E,23,23,23,23,23,23,23,23,23,E,,
122,5,5,5,5,E,5,5,5,5,E,5,5,5,5,E,,3,3,3,3,E,3,3,3,3,E,3,3,3,3,E,,3,3,3,3,E,,,
123,23,23,23,23,23,23,23,23,23,E,23,23,23,23,23,23,23,23,23,E,21,21,21,21,21,21,21,E,23,23,23,23,23,23,23,23,23,E,,
124,18,18,18,18,18,18,18,18,18,18,18,E,18,18,18,18,18,18,18,18,18,18,18,E,16,16,16,16,E,16,16,16,16,E,16,16,16,16,E,
125,23,23,23,23,23,23,23,23,23,E,23,23,23,23,23,23,23,23,23,E,21,21,21,21,21,21,21,E,23,23,23,23,23,23,23,23,23,E,,
126,5,5,5,5,E,5,5,5,5,E,5,5,5,5,E,,3,3,3,3,E,3,3,3,3,E,3,3,3,3,E,,3,3,3,3,E,,,
127,23,23,23,23,23,23,23,23,23,E,23,23,23,23,23,23,23,23,23,E,21,21,21,21,21,21,21,E,23,23,23,23,23,23,23,23,23,E,,
128,18,18,18,18,18,18,18,18,18,18,18,E,18,18,18,18,18,18,18,18,18,18,18,E,16,16,16,16,E,16,16,16,16,E,16,16,16,16,E,
129,23,23,23,23,23,23,23,23,23,E,23,23,23,23,23,23,23,23,23,E,21,21,21,21,21,21,21,E,23,23,23,23,23,23,23,23,23,E,,
130,5,5,5,5,E,5,5,5,5,E,5,5,5,5,E,,3,3,3,3,E,3,3,3,3,E,3,3,3,3,E,,3,3,3,3,E,,,
131,23,23,23,23,23,23,23,23,23,E,23,23,23,23,23,23,23,23,23,E,21,21,21,21,21,21,21,E,23,23,23,23,23,23,23,23,23,E,,
132,18,18,18,18,18,18,18,18,18,18,18,E,18,18,18,18,18,18,18,18,18,18,18,E,16,16,16,16,E,16,16,16,16,E,16,16,16,16,E,
133,23,23,23,23,23,23,23,23,23,E,23,23,23,23,23,23,23,23,23,E,21,21,21,21,21,21,21,E,23,23,23,23,23,23,23,23,23,E,,
134,18,18,18,18,18,18,18,18,18,18,18,E,18,18,18,18,18,18,18,18,18,18,18,E,16,16,16,16,E,16,16,16,16,E,16,16,16,16,E,
135,23,23,23,23,23,23,23,23,23,E,23,23,23,23,23,23,23,23,23,E,21,21,21,21,21,21,21,E,23,23,23,23,23,23,23,23,23,E,,
136,5,5,5,5,E,5,5,5,5,E,5,5,5,5,E,,3,3,3,3,E,3,3,3,3,E,3,3,3,3,E,,3,3,3,3,E,,,
137,23,23,23,23,23,23,23,23,23,E,23,23,23,23,23,23,23,23,23,E,21,21,21,21,21,21,21,E,23,23,23,23,23,23,23,23,23,E,,
138,18,18,18,18,18,18,18,18,18,18,18,E,18,18,18,18,18,18,18,18,18,18,18,E,16,16,16,16,E,16,16,16,16,E,16,16,16,16,E,
139,23,23,23,23,23,23,23,23,23,E,23,23,23,23,23,23,23,23,23,E,21,21,21,21,21,21,21,E,23,23,23,23,23,23,23,23,23,E,,
140,18,18,18,18,18,18,18,18,18,18,18,E,18,18,18,18,18,18,18,18,18,18,18,E,16,16,16,16,E,16,16,16,16,E,16,16,16,16,E,
141,23,23,23,23,23,23,23,23,23,E,23,23,23,23,23,23,23,23,23,E,21,21,21,21,21,21,21,E,23,23,23,23,23,23,23,23,23,E,,
142,5,5,5,5,E,5,5,5,5,E,5,5,5,5,E,,3,3,3,3,E,3,3,3,3,E,3,3,3,3,E,,3,3,3,3,E,,,
143,23,23,23,23,23,23,23,23,23,E,23,23,23,23,23,23,23,23,23,E,21,21,21,21,21,21,21,E,23,23,23,23,23,23,23,23,23,E,,
144,18,18,18,18,18,18,18,18,18,18,18,E,18,18,18,18,18,18,18,18,18,18,18,E,16,16,16,16,E,16,16,16,16,E,16,16,16,16,E,
145,23,23,23,23,23,23,23,23,23,E,23,23,23,23,23,23,23,23,23,E,21,21,21,21,21,21,21,E,23,23,23,23,23,23,23,23,23,E,,
146,18,18,18,18,18,18,18,18,18,18,18,E,18,18,18,18,18,18,18,18,18,18,18,E,16,16,16,16,E,16,16,16,16,E,16,16,16,16,E,
147,23,23,23,23,23,23,23,23,23,E,23,23,23,23,23,23,23,23,23,E,21,21,21,21,21,21,21,E,23,23,23,23,23,23,23,23,23,E,,
148,5,5,5,5,E,5,5,5,5,E,5,5,5,5,E,,3,3,3,3,E,3,3,3,3,E,3,3,3,3,E,,3,3,3,3,E,,,
149,23,23,23,23,23,23,23,23,23,E,23,23,23,23,23,23,23,23,23,E,21,21,21,21,21,21,21,E,23,23,23,23,23,23,23,23,23,E,,
150,5,5,5,5,E,5,5,5,5,E,5,5,5,5,E,,3,3,3,3,E,3,3,3,3,E,3,3,3,3,E,,3,3,3,3,E,,,
151,23,23,23,23,23,23,23,23,23,E,23,23,23,23,23,23,23,23,23,E,21,21,21,21,21,21,21,E,23,23,23,23,23,23,23,23,23,E,,
152,18,18,18,18,18,18,18,18,18,18,18,E,18,18,18,18,18,18,18,18,18,18,18,E,16,16,16,16,E,16,16,16,16,E,16,16,16,16,E,
153,23,23,23,23,23,23,23,23,23,E,23,23,23,23,23,23,23,23,23,E,21,21,21,21,21,21,21,E,23,23,23,23,23,23,23,23,23,E,,
154,18,18,18,18,18,18,18,18,18,18,18,E,18,18,18,18,18,18,18,18,18,18,18,E,16,16,16,16,E,16,16,16,16,E,16,16,16,16,E,
155,23,23,23,23,23,23,23,23,23,E,23,23,23,23,23,23,23,23,23,E,21,21,21,21,21,21,21,E,23,23,23,23,23,23,23,23,23,E,,
156,5,5,5,5,E,5,5,5,5,E,5,5,5,5,E,,3,3,3,3,E,3,3,3,3,E,3,3,3,3,E,,3,3,3,3,E,,,
157,23,23,23,23,23,23,23,23,23,E,23,23,23,23,23,23,23,23,23,E,21,21,21,21,21,21,21,E,23,23,23,23,23,23,23,23,23,E,,
158,5,5,5,5,E,5,5,5,5,E,5,5,5,5,E,,3,3,3,3,E,3,3,3,3,E,3,3,3,3,E,,3,3,3,3,E,,,
159,23,23,23,23,23,23,23,23,23,E,23,23,23,23,23,23,23,23,23,E,21,21,21,21,21,21,21,E,23,23,23,23,23,23,23,23,23,E,,
160,18,18,18,18,18,18,18,18,18,18,18,E,18,18,18,18,18,18,18,18,18,18,18,E,16,16,16,16,E,16,16,16,16,E,16,16,16,16,E,
161,23,23,23,23,23,23,23,23,23,E,23,23,23,23,23,23,23,23,23,E,21,21,21,21,21,21,21,E,23,23,23,23,23,23,23,23,23,E,,
162,18,18,18,18,18,18,18,18,18,18,18,E,18,18,18,18,18,18,18,18,18,18,18,E,16,16,16,16,E,16,16,16,16,E,16,16,16,16,E,
163,23,23,23,23,23,23,23,23,23,E,23,23,23,23,23,23,23,23,23,E,21,21,21,21,21,21,21,E,23,23,23,23,23,23,23,23,23,E,,
164,5,5,5,5,E,5,5,5,5,E,5,5,5,5,E,,3,3,3,3,E,3,3,3,3,E,3,3,3,3,E,,3,3,3,3,E,,,
165,23,23,23,23,23,23,23,23,23,E,23,23,23,23,23,23,23,23,23,E,21,21,21,21,21,21,21,E,23,23,23,23,23,23,23,23,23,E,,
166,5,5,5,5,E,5,5,5,5,E,5,5,5,5,E,,3,3,3,3,E,3,3,3,3,E,3,3,3,3,E,,3,3,3,3,E,,,
167,23,23,23,23,23,23,23,23,23,E,23,23,23,23,23,23,23,23,23,E,21,21,21,21,21,21,21,E,23,23,23,23,23,23,23,23,23,E,,
168,5,5,5,5,E,5,5,5,5,E,5,5,5,5,E,,3,3,3,3,E,3,3,3,3,E,3,3,3,3,E,,3,3,3,3,E,,,
169,23,23,23,23,23,23,23,23,23,E,23,23,23,23,23,23,23,23,23,E,21,21,21,21,21,21,21,E,23,23,23,23,23,23,23,23,23,E,,
170,5,5,5,5,E,5,5,5,5,E,5,5,5,5,E,,3,3,3,3,E,3,3,3,3,E,3,3,3,3,E,,3,3,3,3,E,,,
171,23,23,23,23,23,23,23,23,23,E,23,23,23,23,23,23,23,23,23,E,21,21,21,21,21,21,21,E,23,23,23,23,23,23,23,23,23,E,,
172,18,18,18,18,18,18,18,18,18,18,18,E,18,18,18,18,18,18,18,18,18,18,18,E,16,16,16,16,E,16,16,16,16,E,16,16,16,16,E,
173,23,23,23,23,23,23,23,23,23,E,23,23,23,23,23,23,23,23,23,E,21,21,21,21,21,21,21,E,23,23,23,23,23,23,23,23,23,E,,
174,18,18,18,18,18,18,18,18,18,18,18,E,18,18,18,18,18,18,18,18,18,18,18,E,16,16,16,16,E,16,16,16,16,E,16,16,16,16,E,
175,23,23,23,23,23,23,23,23,23,E,23,23,23,23,23,23,23,23,23,E,21,21,21,21,21,21,21,E,23,23,23,23,23,23,23,23,23,E,,
176,18,18,18,18,18,18,18,18,18,18,18,E,18,18,18,18,18,18,18,18,18,18,18,E,16,16,16,16,E,16,16,16,16,E,16,16,16,16,E,
177,23,23,23,23,23,23,23,23,23,E,23,23,23,23,23,23,23,23,23,E,21,21,21,21,21,21,21,E,23,23,23,23,23,23,23,23,23,E,,
178,18,18,18,18,18,18,18,18,18,18,18,E,18,18,18,18,18,18,18,18,18,18,18,E,16,16,16,16,E,16,16,16,16,E,16,16,16,16,E,
179,23,23,23,23,23,23,23,23,23,E,23,23,23,23,23,23,23,23,23,E,21,21,21,21,21,21,21,E,23,23,23,23,23,23,23,23,23,E,,
180,5,5,5,5,E,5,5,5,5,E,5,5,5,5,E,,3,3,3,3,E,3,3,3,3,E,3,3,3,3,E,,3,3,3,3,E,,,
181,23,23,23,23,23,23,23,23,23,E,23,23,23,23,23,23,23,23,23,E,21,21,21,21,21,21,21,E,23,23,23,23,23,23,23,23,23,E,,
182,18,18,18,18,18,18,18,18,18,18,18,E,18,18,18,18,18,18,18,18,18,18,18,E,16,16,16,16,E,16,16,16,16,E,16,16,16,16,E,
183,23,23,23,23,23,23,23,23,23,E,23,23,23,23,23,23,23,23,23,E,21,21,21,21,21,21,21,E,23,23,23,23,23,23,23,23,23,E,,
184,5,5,5,5,E,5,5,5,5,E,5,5,5,5,E,,3,3,3,3,E,3,3,3,3,E,3,3,3,3,E,,3,3,3,3,E,,,
185,23,23,23,23,23,23,23,23,23,E,23,23,23,23,23,23,23,23,23,E,21,21,21,21,21,21,21,E,23,23,23,23,23,23,23,23,23,E,,
186,5,5,5,5,E,5,5,5,5,E,5,5,5,5,E,,3,3,3,3,E,3,3,3,3,E,3,3,3,3,E,,3,3,3,3,E,,,
187,23,23,23,23,23,23,23,23,23,E,23,23,23,23,23,23,23,23,23,E,21,21,21,21,21,21,21,E,23,23,23,23,23,23,23,23,23,E,,
188,18,18,18,18,18,18,18,18,18,18,18,E,18,18,18,18,18,18,18,18,18,18,18,E,16,16,16,16,E,16,16,16,16,E,16,16,16,16,E,
189,23,23,23,23,23,23,23,23,23,E,23,23,23,23,23,23,23,23,23,E,21,21,21,21,21,21,21,E,23,23,23,23,23,23,23,23,23,E,,
190,5,5,5,5,E,5,5,5,5,E,5,5,5,5,E,,3,3,3,3,E,3,3,3,3,E,3,3,3,3,E,,3,3,3,3,E,,,
191,23,23,23,23,23,23,23,23,23,E,23,23,23,23,23,23,23,23,23,E,21,21,21,21,21,21,21,E,23,23,23,23,23,23,23,23,23,E,,
192,18,18,18,18,18,18,18,18,18,18,18,E,18,18,18,18,18,18,18,18,18,18,18,E,16,16,16,16,E,16,16,16,16,E,16,16,16,16,E,
193,23,23,23,23,23,23,23,23,23,E,23,23,23,23,23,23,23,23,23,E,21,21,21,21,21,21,21,E,23,23,23,23,23,23,23,23,23,E,,
194,5,5,5,5,E,5,5,5,5,E,5,5,5,5,E,,3,3,3,3,E,3,3,3,3,E,3,3,3,3,E,,3,3,3,3,E,,,
195,23,23,23,23,23,23,23,23,23,E,23,23,23,23,23,23,23,23,23,E,21,21,21,21,21,21,21,E,23,23,23,23,23,23,23,23,23,E,,
196,18,18,18,18,18,18,18,18,18,18,18,E,18,18,18,18,18,18,18,18,18,18,18,E,16,16,16,16,E,16,16,16,16,E,16,16,16,16,E,
197,23,23,23,23,23,23,23,23,23,E,23,23,23,23,23,23,23,23,23,E,21,21,21,21,21,21,21,E,23,23,23,23,23,23,23,23,23,E,,
198,18,18,18,18,18,18,18,18,18,18,18,E,18,18,18,18,18,18,18,18,18,18,18,E,16,16,16,16,E,16,16,16,16,E,16,16,16,16,E,
199,23,23,23,23,23,23,23,23,23,E,23,23,23,23,23,23,23,23,23,E,21,21,21,21,21,21,21,E,23,23,23,23,23,23,23,23,23,E,,
200,18,18,18,18,18,18,18,18,18,18,18,E,18,18,18,18,18,18,18,18,18,18,18,E,16,16,16,16,E,16,16,16,16,E,16,16,16,16,E,
201,23,23,23,23,23,23,23,23,23,E,23,23,23,23,23,23,23,23,23,E,21,21,21,21,21,21,21,E,23,23,23,23,23,23,23,23,23,E,,
202,18,18,18,18,18,18,18,18,18,18,18,E,18,18,18,18,18,18,18,18,18,18,18,E,16,16,16,16,E,16,16,16,16,E,16,16,16,16,E,
203,23,23,23,23,23,23,23,23,23,E,23,23,23,23,23,23,23,23,23,E,21,21,21,21,21,21,21,E,23,23,23,23,23,23,23,23,23,E,,
204,18,18,18,18,18,18,18,18,18,18,18,E,18,18,18,18,18,18,18,18,18,18,18,E,16,16,16,16,E,16,16,16,16,E,16,16,16,16,E,
205,23,23,23,23,23,23,23,23,23,E,23,23,23,23,23,23,23,23,23,E,21,21,21,21,21,21,21,E,23,23,23,23,23,23,23,23,23,E,,
206,18,18,18,18,18,18,18,18,18,18,18,E,18,18,18,18,18,18,18,18,18,18,18,E,16,16,16,16,E,16,16,16,16,E,16,16,16,16,E,
207,23,23,23,23,23,23,23,23,23,E,23,23,23,23,23,23,23,23,23,E,21,21,21,21,21,21,21,E,23,23,23,23,23,23,23,23,23,E,,
208,18,18,18,18,18,18,18,18,18,18,18,E,18,18,18,18,18,18,18,18,18,18,18,E,16,16,16,16,E,16,16,16,16,E,16,16,16,16,E,
209,23,23,23,23,23,23,23,23,23,E,23,23,23,23,23,23,23,23,23,E,21,21,21,21,21,21,21,E,23,23,23,23,23,23,23,23,23,E,,
210,5,5,5,5,E,5,5,5,5,E,5,5,5,5,E,,3,3,3,3,E,3,3,3,3,E,3,3,3,3,E,,3,3,3,3,E,,,
211,23,23,23,23,23,23,23,23,23,E,23,23,23,23,23,23,23,23,23,E,21,21,21,21,21,21,21,E,23,23,23,23,23,23,23,23,23,E,,
212,18,18,18,18,18,18,18,18,18,18,18,E,18,18,18,18,18,18,18,18,18,18,18,E,16,16,16,16,E,16,16,16,16,E,16,16,16,16,E,
213,23,23,23,23,23,23,23,23,23,E,23,23,23,23,23,23,23,23,23,E,21,21,21,21,21,21,21,E,23,23,23,23,23,23,23,23,23,E,,
214,5,5,5,5,E,5,5,5,5,E,5,5,5,5,E,,3,3,3,3,E,3,3,3,3,E,3,3,3,3,E,,3,3,3,3,E,,,
215,23,23,23,23,23,23,23,23,23,E,23,23,23,23,23,23,23,23,23,E,21,21,21,21,21,21,21,E,23,23,23,23,23,23,23,23,23,E,,
216,5,5,5,5,E,5,5,5,5,E,5,5,5,5,E,,3,3,3,3,E,3,3,3,3,E,3,3,3,3,E,,3,3,3,3,E,,,
217,23,23,23,23,23,23,23,23,23,E,23,23,23,23,23,23,23,23,23,E,21,21,21,21,21,21,21,E,23,23,23,23,23,23,23,23,23,E,,
218,5,5,5,5,E,5,5,5,5,E,5,5,5,5,E,,3,3,3,3,E,3,3,3,3,E,3,3,3,3,E,,3,3,3,3,E,,,
219,23,23,23,23,23,23,23,23,23,E,23,23,23,23,23,23,23,23,23,E,21,21,21,21,21,21,21,E,23,23,23,23,23,23,23,23,23,E,,
220,18,18,18,18,18,18,18,18,18,18,18,E,18,18,18,18,18,18,18,18,18,18,18,E,16,16,16,16,E,16,16,16,16,E,16,16,16,16,E,
221,23,23,23,23,23,23,23,23,23,E,23,23,23,23,23,23,23,23,23,E,21,21,21,21,21,21,21,E,23,23,23,23,23,23,23,23,23,E,,
222,5,5,5,5,E,5,5,5,5,E,5,5,5,5,E,,3,3,3,3,E,3,3,3,3,E,3,3,3,3,E,,3,3,3,3,E,,,
223,23,23,23,23,23,23,23,23,23,E,23,23,23,23,23,23,23,23,23,E,21,21,21,21,21,21,21,E,23,23,23,23,23,23,23,23,23,E,,
224,5,5,5,5,E,5,5,5,5,E,5,5,5,5,E,,3,3,3,3,E,3,3,3,3,E,3,3,3,3,E,,3,3,3,3,E,,,
225,23,23,23,23,23,23,23,23,23,E,23,23,23,23,23,23,23,23,23,E,21,21,21,21,21,21,21,E,23,23,23,23,23,23,23,23,23,E,,
226,18,18,18,18,18,18,18,18,18,18,18,E,18,18,18,18,18,18,18,18,18,18,18,E,16,16,16,16,E,16,16,16,16,E,16,16,16,16,E,
227,23,23,23,23,23,23,23,23,23,E,23,23,23,23,23,23,23,23,23,E,21,21,21,21,21,21,21,E,23,23,23,23,23,23,23,23,23,E,,
228,18,18,18,18,18,18,18,18,18,18,18,E,18,18,18,18,18,18,18,18,18,18,18,E,16,16,16,16,E,16,16,16,16,E,16,16,16,16,E,
229,23,23,23,23,23,23,23,23,23,E,23,23,23,23,23,23,23,23,23,E,21,21,21,21,21,21,21,E,23,23,23,23,23,23,23,23,23,E,,
230,18,18,18,18,18,18,18,18,18,18,18,E,18,18,18,18,18,18,18,18,18,18,18,E,16,16,16,16,E,16,16,16,16,E,16,16,16,16,E,
231,23,23,23,23,23,23,23,23,23,E,23,23,23,23,23,23,23,23,23,E,21,21,21,21,21,21,21,E,23,23,23,23,23,23,23,23,23,E,,
232,5,5,5,5,E,5,5,5,5,E,5,5,5,5,E,,3,3,3,3,E,3,3,3,3,E,3,3,3,3,E,,3,3,3,3,E,,,
233,23,23,23,23,23,23,23,23,23,E,23,23,23,23,23,23,23,23,23,E,21,21,21,21,21,21,21,E,23,23,23,23,23,23,23,23,23,E,,
234,5,5,5,5,E,5,5,5,5,E,5,5,5,5,E,,3,3,3,3,E,3,3,3,3,E,3,3,3,3,E,,3,3,3,3,E,,,
235,23,23,23,23,23,23,23,23,23,E,23,23,23,23,23,23,23,23,23,E,21,21,21,21,21,21,21,E,23,23,23,23,23,23,23,23,23,E,,
236,18,18,18,18,18,18,18,18,18,18,18,E,18,18,18,18,18,18,18,18,18,18,18,E,16,16,16,16,E,16,16,16,16,E,16,16,16,16,E,
237,23,23,23,23,23,23,23,23,23,E,23,23,23,23,23,23,23,23,23,E,21,21,21,21,21,21,21,E,23,23,23,23,23,23,23,23,23,E,,
238,18,18,18,18,18,18,18,18,18,18,18,E,18,18,18,18,18,18,18,18,18,18,18,E,16,16,16,16,E,16,16,16,16,E,16,16,16,16,E,
239,23,23,23,23,23,23,23,23,23,E,23,23,23,23,23,23,23,23,23,E,21,21,21,21,21,21,21,E,23,23,23,23,23,23,23,23,23,E,,
240,5,5,5,5,E,5,5,5,5,E,5,5,5,5,E,,3,3,3,3,E,3,3,3,3,E,3,3,3,3,E,,3,3,3,3,E,,,
241,23,23,23,23,23,23,23,23,23,E,23,23,23,23,23,23,23,23,23,E,21,21,21,21,21,21,21,E,23,23,23,23,23,23,23,23,23,E,,
242,5,5,5,5,E,5,5,5,5,E,5,5,5,5,E,,3,3,3,3,E,3,3,3,3,E,3,3,3,3,E,,3,3,3,3,E,,,
243,23,23,23,23,23,23,23,23,23,E,23,23,23,23,23,23,23,23,23,E,21,21,21,21,21,21,21,E,23,23,23,23,23,23,23,23,23,E,,
244,5,5,5,5,E,5,5,5,5,E,5,5,5,5,E,,3,3,3,3,E,3,3,3,3,E,3,3,3,3,E,,3,3,3,3,E,,,
245,23,23,23,23,23,23,23,23,23,E,23,23,23,23,23,23,23,23,23,E,21,21,21,21,21,21,21,E,23,23,23,23,23,23,23,23,23,E,,
246,5,5,5,5,E,5,5,5,5,E,5,5,5,5,E,,3,3,3,3,E,3,3,3,3,E,3,3,3,3,E,,3,3,3,3,E,,,
247,23,23,23,23,23,23,23,23,23,E,23,23,23,23,23,23,23,23,23,E,21,21,21,21,21,21,21,E,23,23,23,23,23,23,23,23,23,E,,
248,18,18,18,18,18,18,18,18,18,18,18,E,18,18,18,18,18,18,18,18,18,18,18,E,16,16,16,16,E,16,16,16,16,E,16,16,16,16,E,
249,23,23,23,23,23,23,23,23,23,E,23,23,23,23,23,23,23,23,23,E,21,21,21,21,21,21,21,E,23,23,23,23,23,23,23,23,23,E,,
250,5,5,5,5,E,5,5,5,5,E,5,5,5,5,E,,3,3,3,3,E,3,3,3,3,E,3,3,3,3,E,,3,3,3,3,E,,,
251,23,23,23,23,23,23,23,23,23,E,23,23,23,23,23,23,23,23,23,E,21,21,21,21,21,21,21,E,23,23,23,23,23,23,23,23,23,E,,
252,5,5,5,5,E,5,5,5,5,E,5,5,5,5,E,,3,3,3,3,E,3,3,3,3,E,3,3,3,3,E,,3,3,3,3,E,,,
253,23,23,23,23,23,23,23,23,23,E,23,23,23,23,23,23,23,23,23,E,21,21,21,21,21,21,21,E,23,23,23,23,23,23,23,23,23,E,,
254,5,5,5,5,E,5,5,5,5,E,5,5,5,5,E,,3,3,3,3,E,3,3,3,3,E,3,3,3,3,E,,3,3,3,3,E,,,
255,23,23,23,23,23,23,23,23,23,E,23,23,23,23,23,23,23,23,23,E,21,21,21,21,21,21,21,E,23,23,23,23,23,23,23,23,23,E,,
256,18,18,18,18,18,18,18,18,18,18,18,E,18,18,18,18,18,18,18,18,18,18,18,E,16,16,16,16,E,16,16,16,16,E,16,16,16,16,E,
257,23,23,23,23,23,23,23,23,23,E,23,23,23,23,23,23,23,23,23,E,21,21,21,21,21,21,21,E,23,23,23,23,23,23,23,23,23,E,,
258,18,18,18,18,18,18,18,18,18,18,18,E,18,18,18,18,18,18,18,18,18,18,18,E,16,16,16,16,E,16,16,16,16,E,16,16,16,16,E,
259,23,23,23,23,23,23,23,23,23,E,23,23,23,23,23,23,23,23,23,E,21,21,21,21,21,21,21,E,23,23,23,23,23,23,23,23,23,E,,
260,18,18,18,18,18,18,18,18,18,18,18,E,18,18,18,18,18,18,18,18,18,18,18,E,16,16,16,16,E,16,16,16,16,E,16,16,16,16,E,
261,23,23,23,23,23,23,23,23,23,E,23,23,23,23,23,23,23,23,23,E,21,21,21,21,21,21,21,E,23,23,23,23,23,23,23,23,23,E,,
262,5,5,5,5,E,5,5,5,5,E,5,5,5,5,E,,3,3,3,3,E,3,3,3,3,E,3,3,3,3,E,,3,3,3,3,E,,,
263,23,23,23,23,23,23,23,23,23,E,23,23,23,23,23,23,23,23,23,E,21,21,21,21,21,21,21,E,23,23,23,23,23,23,23,23,23,E,,
264,18,18,18,18,18,18,18,18,18,18,18,E,18,18,18,18,18,18,18,18,18,18,18,E,16,16,16,16,E,16,16,16,16,E,16,16,16,16,E,
265,23,23,23,23,23,23,23,23,23,E,23,23,23,23,23,23,23,23,23,E,21,21,21,21,21,21,21,E,23,23,23,23,23,23,23,23,23,E,,
266,18,18,18,18,18,18,18,18,18,18,18,E,18,18,18,18,18,18,18,18,18,18,18,E,16,16,16,16,E,16,16,16,16,E,16,16,16,16,E,
267,23,23,23,23,23,23,23,23,23,E,23,23,23,23,23,23,23,23,23,E,21,21,21,21,21,21,21,E,23,23,23,23,23,23,23,23,23,E,,
268,18,18,18,18,18,18,18,18,18,18,18,E,18,18,18,18,18,18,18,18,18,18,18,E,16,16,16,16,E,16,16,16,16,E,16,16,16,16,E,
269,23,23,23,23,23,23,23,23,23,E,23,23,23,23,23,23,23,23,23,E,21,21,21,21,21,21,21,E,23,23,23,23,23,23,23,23,23,E,,
270,18,18,18,18,18,18,18,18,18,18,18,E,18,18,18,18,18,18,18,18,18,18,18,E,16,16,16,16,E,16,16,16,16,E,16,16,16,16,E,
271,23,23,23,23,23,23,23,23,23,E,23,23,23,23,23,23,23,23,23,E,21,21,21,21,21,21,21,E,23,23,23,23,23,23,23,23,23,E,,
272,5,5,5,5,E,5,5,5,5,E,5,5,5,5,E,,3,3,3,3,E,3,3,3,3,E,3,3,3,3,E,,3,3,3,3,E,,,
273,23,23,23,23,23,23,23,23,23,E,23,23,23,23,23,23,23,23,23,E,21,21,21,21,21,21,21,E,23,23,23,23,23,23,23,23,23,E,,
274,5,5,5,5,E,5,5,5,5,E,5,5,5,5,E,,3,3,3,3,E,3,3,3,3,E,3,3,3,3,E,,3,3,3,3,E,,,
275,23,23,23,23,23,23,23,23,23,E,23,23,23,23,23,23,23,23,23,E,21,21,21,21,21,21,21,E,23,23,23,23,23,23,23,23,23,E,,
276,18,18,18,18,18,18,18,18,18,18,18,E,18,18,18,18,18,18,18,18,18,18,18,E,16,16,16,16,E,16,16,16,16,E,16,16,16,16,E,
277,23,23,23,23,23,23,23,23,23,E,23,23,23,23,23,23,23,23,23,E,21,21,21,21,21,21,21,E,23,23,23,23,23,23,23,23,23,E,,
278,5,5,5,5,E,5,5,5,5,E,5,5,5,5,E,,3,3,3,3,E,3,3,3,3,E,3,3,3,3,E,,3,3,3,3,E,,,
279,23,23,23,23,23,23,23,23,23,E,23,23,23,23,23,23,23,23,23,E,21,21,21,21,21,21,21,E,23,23,23,23,23,23,23,23,23,E,,
280,18,18,18,18,18,18,18,18,18,18,18,E,18,18,18,18,18,18,18,18,18,18,18,E,16,16,16,16,E,16,16,16,16,E,16,16,16,16,E,
281,23,23,23,23,23,23,23,23,23,E,23,23,23,23,23,23,23,23,23,E,21,21,21,21,21,21,21,E,23,23,23,23,23,23,23,23,23,E,,
282,5,5,5,5,E,5,5,5,5,E,5,5,5,5,E,,3,3,3,3,E,3,3,3,3,E,3,3,3,3,E,,3,3,3,3,E,,,
283,23,23,23,23,23,23,23,23,23,E,23,23,23,23,23,23,23,23,23,E,21,21,21,21,21,21,21,E,23,23,23,23,23,23,23,23,23,E,,
284,5,5,5,5,E,5,5,5,5,E,5,5,5,5,E,,3,3,3,3,E,3,3,3,3,E,3,3,3,3,E,,3,3,3,3,E,,,
285,23,23,23,23,23,23,23,23,23,E,23,23,23,23,23,23,23,23,23,E,21,21,21,21,21,21,21,E,23,23,23,23,23,23,23,23,23,E,,
286,18,18,18,18,18,18,18,18,18,18,18,E,18,18,18,18,18,18,18,18,18,18,18,E,16,16,16,16,E,16,16,16,16,E,16,16,16,16,E,
287,23,23,23,23,23,23,23,23,23,E,23,23,23,23,23,23,23,23,23,E,21,21,21,21,21,21,21,E,23,23,23,23,23,23,23,23,23,E,,
288,18,18,18,18,18,18,18,18,18,18,18,E,18,18,18,18,18,18,18,18,18,18,18,E,16,16,16,16,E,16,16,16,16,E,16,16,16,16,E,
289,23,23,23,23,23,23,23,23,23,E,23,23,23,23,23,23,23,23,23,E,21,21,21,21,21,21,21,E,23,23,23,23,23,23,23,23,23,E,,
290,18,18,18,18,18,18,18,18,18,18,18,E,18,18,18,18,18,18,18,18,18,18,18,E,16,16,16,16,E,16,16,16,16,E,16,16,16,16,E,
291,23,23,23,23,23,23,23,23,23,E,23,23,23,23,23,23,23,23,23,E,21,21,21,21,21,21,21,E,23,23,23,23,23,23,23,23,23,E,,
292,5,5,5,5,E,5,5,5,5,E,5,5,5,5,E,,3,3,3,3,E,3,3,3,3,E,3,3,3,3,E,,3,3,3,3,E,,,
293,23,23,23,23,23,23,23,23,23,E,23,23,23,23,23,23,23,23,23,E,21,21,21,21,21,21,21,E,23,23,23,23,23,23,23,23,23,E,,
294,5,5,5,5,E,5,5,5,5,E,5,5,5,5,E,,3,3,3,3,E,3,3,3,3,E,3,3,3,3,E,,3,3,3,3,E,,,
295,23,23,23,23,23,23,23,23,23,E,23,23,23,23,23,23,23,23,23,E,21,21,21,21,21,21,21,E,23,23,23,23,23,23,23,23,23,E,,
296,5,5,5,5,E,5,5,5,5,E,5,5,5,5,E,,3,3,3,3,E,3,3,3,3,E,3,3,3,3,E,,3,3,3,3,E,,,
297,23,23,23,23,23,23,23,23,23,E,23,23,23,23,23,23,23,23,23,E,21,21,21,21,21,21,21,E,23,23,23,23,23,23,23,23,23,E,,
298,18,18,18,18,18,18,18,18,18,18,18,E,18,18,18,18,18,18,18,18,18,18,18,E,16,16,16,16,E,16,16,16,16,E,16,16,16,16,E,
299,23,23,23,23,23,23,23,23,23,E,23,23,23,23,23,23,23,23,23,E,21,21,21,21,21,21,21,E,23,23,23,23,23,23,23,23,23,E,,
300,5,5,5,5,E,5,5,5,5,E,5,5,5,5,E,,3,3,3,3,E,3,3,3,3,E,3,3,3,3,E,,3,3,3,3,E,,,
301,23,23,23,23,23,23,23,23,23,E,23,23,23,23,23,23,23,23,23,E,21,21,21,21,21,21,21,E,23,23,23,23,23,23,23,23,23,E,,
302,5,5,5,5,E,5,5,5,5,E,5,5,5,5,E,,3,3,3,3,E,3,3,3,3,E,3,3,3,3,E,,3,3,3,3,E,,,
303,23,23,23,23,23,23,23,23,23,E,23,23,23,23,23,23,23,23,23,E,21,21,21,21,21,21,21,E,23,23,23,23,23,23,23,23,23,E,,
304,5,5,5,5,E,5,5,5,5,E,5,5,5,5,E,,3,3,3,3,E,3,3,3,3,E,3,3,3,3,E,,3,3,3,3,E,,,
305,23,23,23,23,23,23,23,23,23,E,23,23,23,23,23,23,23,23,23,E,21,21,21,21,21,21,21,E,23,23,23,23,23,23,23,23,23,E,,
306,5,5,5,5,E,5,5,5,5,E,5,5,5,5,E,,3,3,3,3,E,3,3,3,3,E,3,3,3,3,E,,3,3,3,3,E,,,
307,23,23,23,23,23,23,23,23,23,E,23,23,23,23,23,23,23,23,23,E,21,21,21,21,21,21,21,E,23,23,23,23,23,23,23,23,23,E,,
308,18,18,18,18,18,18,18,18,18,18,18,E,18,18,18,18,18,18,18,18,18,18,18,E,16,16,16,16,E,16,16,16,16,E,16,16,16,16,E,
309,23,23,23,23,23,23,23,23,23,E,23,23,23,23,23,23,23,23,23,E,21,21,21,21,21,21,21,E,23,23,23,23,23,23,23,23,23,E,,
310,5,5,5,5,E,5,5,5,5,E,5,5,5,5,E,,3,3,3,3,E,3,3,3,3,E,3,3,3,3,E,,3,3,3,3,E,,,
311,23,23,23,23,23,23,23,23,23,E,23,23,23,23,23,23,23,23,23,E,21,21,21,21,21,21,21,E,23,23,23,23,23,23,23,23,23,E,,
312,18,18,18,18,18,18,18,18,18,18,18,E,18,18,18,18,18,18,18,18,18,18,18,E,16,16,16,16,E,16,16,16,16,E,16,16,16,16,E,
313,23,23,23,23,23,23,23,23,23,E,23,23,23,23,23,23,23,23,23,E,21,21,21,21,21,21,21,E,23,23,23,23,23,23,23,23,23,E,,
314,18,18,18,18,18,18,18,18,18,18,18,E,18,18,18,18,18,18,18,18,18,18,18,E,16,16,16,16,E,16,16,16,16,E,16,16,16,16,E,
315,23,23,23,23,23,23,23,23,23,E,23,23,23,23,23,23,23,23,23,E,21,21,21,21,21,21,21,E,23,23,23,23,23,23,23,23,23,E,,
316,18,18,18,18,18,18,18,18,18,18,18,E,18,18,18,18,18,18,18,18,18,18,18,E,16,16,16,16,E,16,16,16,16,E,16,16,16,16,E,
317,23,23,23,23,23,23,23,23,23,E,23,23,23,23,23,23,23,23,23,E,21,21,21,21,21,21,21,E,23,23,23,23,23,23,23,23,23,E,,
318,5,5,5,5,E,5,5,5,5,E,5,5,5,5,E,,3,3,3,3,E,3,3,3,3,E,3,3,3,3,E,,3,3,3,3,E,,,
319,23,23,23,23,23,23,23,23,23,E,23,23,23,23,23,23,23,23,23,E,21,21,21,21,21,21,21,E,23,23,23,23,23,23,23,23,23,E,,
320,18,18,18,18,18,18,18,18,18,18,18,E,18,18,18,18,18,18,18,18,18,18,18,E,16,16,16,16,E,16,16,16,16,E,16,16,16,16,E,
321,23,23,23,23,23,23,23,23,23,E,23,23,23,23,23,23,23,23,23,E,21,21,21,21,21,21,21,E,23,23,23,23,23,23,23,23,23,E,,
322,5,5,5,5,E,5,5,5,5,E,5,5,5,5,E,,3,3,3,3,E,3,3,3,3,E,3,3,3,3,E,,3,3,3,3,E,,,
323,23,23,23,23,23,23,23,23,23,E,23,23,23,23,23,23,23,23,23,E,21,21,21,21,21,21,21,E,23,23,23,23,23,23,23,23,23,E,,
324,5,5,5,5,E,5,5,5,5,E,5,5,5,5,E,,3,3,3,3,E,3,3,3,3,E,3,3,3,3,E,,3,3,3,3,E,,,
325,23,23,23,23,23,23,23,23,23,E,23,23,23,23,23,23,23,23,23,E,21,21,21,21,21,21,21,E,23,23,23,23,23,23,23,23,23,E,,
326,18,18,18,18,18,18,18,18,18,18,18,E,18,18,18,18,18,18,18,18,18,18,18,E,16,16,16,16,E,16,16,16,16,E,16,16,16,16,E,
327,23,23,23,23,23,23,23,23,23,E,23,23,23,23,23,23,23,23,23,E,21,21,21,21,21,21,21,E,23,23,23,23,23,23,23,23,23,E,,
328,18,18,18,18,18,18,18,18,18,18,18,E,18,18,18,18,18,18,18,18,18,18,18,E,16,16,16,16,E,16,16,16,16,E,16,16,16,16,E,
329,23,23,23,23,23,23,23,23,23,E,23,23,23,23,23,23,23,23,23,E,21,21,21,21,21,21,21,E,23,23,23,23,23,23,23,23,23,E,,
330,18,18,18,18,18,18,18,18,18,18,18,E,18,18,18,18,18,18,18,18,18,18,18,E,16,16,16,16,E,16,16,16,16,E,16,16,16,16,E,
331,23,23,23,23,23,23,23,23,23,E,23,23,23,23,23,23,23,23,23,E,21,21,21,21,21,21,21,E,23,23,23,23,23,23,23,23,23,E,,
332,5,5,5,5,E,5,5,5,5,E,5,5,5,5,E,,3,3,3,3,E,3,3,3,3,E,3,3,3,3,E,,3,3,3,3,E,,,
333,23,23,23,23,23,23,23,23,23,E,23,23,23,23,23,23,23,23,23,E,21,21,21,21,21,21,21,E,23,23,23,23,23,23,23,23,23,E,,
334,18,18,18,18,18,18,18,18,18,18,18,E,18,18,18,18,18,18,18,18,18,18,18,E,16,16,16,16,E,16,16,16,16,E,16,16,16,16,E,
335,23,23,23,23,23,23,23,23,23,E,23,23,23,23,23,23,23,23,23,E,21,21,21,21,21,21,21,E,23,23,23,23,23,23,23,23,23,E,,
336,18,18,18,18,18,18,18,18,18,18,18,E,18,18,18,18,18,18,18,18,18,18,18,E,16,16,16,16,E,16,16,16,16,E,16,16,16,16,E,
337,23,23,23,23,23,23,23,23,23,E,23,23,23,23,23,23,23,23,23,E,21,21,21,21,21,21,21,E,23,23,23,23,23,23,23,23,23,E,,
338,5,5,5,5,E,5,5,5,5,E,5,5,5,5,E,,3,3,3,3,E,3,3,3,3,E,3,3,3,3,E,,3,3,3,3,E,,,
339,23,23,23,23,23,23,23,23,23,E,23,23,23,23,23,23,23,23,23,E,21,21,21,21,21,21,21,E,23,23,23,23,23,23,23,23,23,E,,
340,5,5,5,5,E,5,5,5,5,E,5,5,5,5,E,,3,3,3,3,E,3,3,3,3,E,3,3,3,3,E,,3,3,3,3,E,,,
341,23,23,23,23,23,23,23,23,23,E,23,23,23,23,23,23,23,23,23,E,21,21,21,21,21,21,21,E,23,23,23,23,23,23,23,23,23,E,,
342,5,5,5,5,E,5,5,5,5,E,5,5,5,5,E,,3,3,3,3,E,3,3,3,3,E,3,3,3,3,E,,3,3,3,3,E,,,
343,23,23,23,23,23,23,23,23,23,E,23,23,23,23,23,23,23,23,23,E,21,21,21,21,21,21,21,E,23,23,23,23,23,23,23,23,23,E,,
344,18,18,18,18,18,18,18,18,18,18,18,E,18,18,18,18,18,18,18,18,18,18,18,E,16,16,16,16,E,16,16,16,16,E,16,16,16,16,E,
345,23,23,23,23,23,23,23,23,23,E,23,23,23,23,23,23,23,23,23,E,21,21,21,21,21,21,21,E,23,23,23,23,23,23,23,23,23,E,,
346,5,5,5,5,E,5,5,5,5,E,5,5,5,5,E,,3,3,3,3,E,3,3,3,3,E,3,3,3,3,E,,3,3,3,3,E,,,
347,23,23,23,23,23,23,23,23,23,E,23,23,23,23,23,23,23,23,23,E,21,21,21,21,21,21,21,E,23,23,23,23,23,23,23,23,23,E,,
348,18,18,18,18,18,18,18,18,18,18,18,E,18,18,18,18,18,18,18,18,18,18,18,E,16,16,16,16,E,16,16,16,16,E,16,16,16,16,E,
349,23,23,23,23,23,23,23,23,23,E,23,23,23,23,23,23,23,23,23,E,21,21,21,21,21,21,21,E,23,23,23,23,23,23,23,23,23,E,,
350,18,18,18,18,18,18,18,18,18,18,18,E,18,18,18,18,18,18,18,18,18,18,18,E,16,16,16,16,E,16,16,16,16,E,16,16,16,16,E,
351,23,23,23,23,23,23,23,23,23,E,23,23,23,23,23,23,23,23,23,E,21,21,21,21,21,21,21,E,23,23,23,23,23,23,23,23,23,E,,
352,5,5,5,5,E,5,5,5,5,E,5,5,5,5,E,,3,3,3,3,E,3,3,3,3,E,3,3,3,3,E,,3,3,3,3,E,,,
353,23,23,23,23,23,23,23,23,23,E,23,23,23,23,23,23,23,23,23,E,21,21,21,21,21,21,21,E,23,23,23,23,23,23,23,23,23,E,,
354,5,5,5,5,E,5,5,5,5,E,5,5,5,5,E,,3,3,3,3,E,3,3,3,3,E,3,3,3,3,E,,3,3,3,3,E,,,
355,23,23,23,23,23,23,23,23,23,E,23,23,23,23,23,23,23,23,23,E,21,21,21,21,21,21,21,E,23,23,23,23,23,23,23,23,23,E,,
356,5,5,5,5,E,5,5,5,5,E,5,5,5,5,E,,3,3,3,3,E,3,3,3,3,E,3,3,3,3,E,,3,3,3,3,E,,,
357,23,23,23,23,23,23,23,23,23,E,23,23,23,23,23,23,23,23,23,E,21,21,21,21,21,21,21,E,23,23,23,23,23,23,23,23,23,E,,
358,18,18,18,18,18,18,18,18,18,18,18,E,18,18,18,18,18,18,18,18,18,18,18,E,16,16,16,16,E,16,16,16,16,E,16,16,16,16,E,
359,23,23,23,23,23,23,23,23,23,E,23,23,23,23,23,23,23,23,23,E,21,21,21,21,21,21,21,E,23,23,23,23,23,23,23,23,23,E,,
360,18,18,18,18,18,18,18,18,18,18,18,E,18,18,18,18,18,18,18,18,18,18,18,E,16,16,16,16,E,16,16,16,16,E,16,16,16,16,E,
361,23,23,23,23,23,23,23,23,23,E,23,23,23,23,23,23,23,23,23,E,21,21,21,21,21,21,21,E,23,23,23,23,23,23,23,23,23,E,,
362,18,18,18,18,18,18,18,18,18,18,18,E,18,18,18,18,18,18,18,18,18,18,18,E,16,16,16,16,E,16,16,16,16,E,16,16,16,16,E,
363,23,23,23,23,23,23,23,23,23,E,23,23,23,23,23,23,23,23,23,E,21,21,21,21,21,21,21,E,23,23,23,23,23,23,23,23,23,E,,
364,5,5,5,5,E,5,5,5,5,E,5,5,5,5,E,,3,3,3,3,E,3,3,3,3,E,3,3,3,3,E,,3,3,3,3,E,,,
365,23,23,23,23,23,23,23,23,23,E,23,23,23,23,23,23,23,23,23,E,21,21,21,21,21,21,21,E,23,23,23,23,23,23,23,23,23,E,,
366,18,18,18,18,18,18,18,18,18,18,18,E,18,18,18,18,18,18,18,18,18,18,18,E,16,16,16,16,E,16,16,16,16,E,16,16,16,16,E,
367,23,23,23,23,23,23,23,23,23,E,23,23,23,23,23,23,23,23,23,E,21,21,21,21,21,21,21,E,23,23,23,23,23,23,23,23,23,E,,
368,5,5,5,5,E,5,5,5,5,E,5,5,5,5,E,,3,3,3,3,E,3,3,3,3,E,3,3,3,3,E,,3,3,3,3,E,,,
369,23,23,23,23,23,23,23,23,23,E,23,23,23,23,23,23,23,23,23,E,21,21,21,21,21,21,21,E,23,23,23,23,23,23,23,23,23,E,,
370,5,5,5,5,E,5,5,5,5,E,5,5,5,5,E,,3,3,3,3,E,3,3,3,3,E,3,3,3,3,E,,3,3,3,3,E,,,
371,23,23,23,23,23,23,23,23,23,E,23,23,23,23,23,23,23,23,23,E,21,21,21,21,21,21,21,E,23,23,23,23,23,23,23,23,23,E,,
372,5,5,5,5,E,5,5,5,5,E,5,5,5,5,E,,3,3,3,3,E,3,3,3,3,E,3,3,3,3,E,,3,3,3,3,E,,,
373,23,23,23,23,23,23,23,23,23,E,23,23,23,23,23,23,23,23,23,E,21,21,21,21,21,21,21,E,23,23,23,23,23,23,23,23,23,E,,
374,5,5,5,5,E,5,5,5,5,E,5,5,5,5,E,,3,3,3,3,E,3,3,3,3,E,3,3,3,3,E,,3,3,3,3,E,,,
375,23,23,23,23,23,23,23,23,23,E,23,23,23,23,23,23,23,23,23,E,21,21,21,21,21,21,21,E,23,23,23,23,23,23,23,23,23,E,,
376,5,5,5,5,E,5,5,5,5,E,5,5,5,5,E,,3,3,3,3,E,3,3,3,3,E,3,3,3,3,E,,3,3,3,3,E,,,
377,23,23,23,23,23,23,23,23,23,E,23,23,23,23,23,23,23,23,23,E,21,21,21,21,21,21,21,E,23,23,23,23,23,23,23,23,23,E,,
378,5,5,5,5,E,5,5,5,5,E,5,5,5,5,E,,3,3,3,3,E,3,3,3,3,E,3,3,3,3,E,,3,3,3,3,E,,,
379,23,23,23,23,23,23,23,23,23,E,23,23,23,23,23,23,23,23,23,E,21,21,21,21,21,21,21,E,23,23,23,23,23,23,23,23,23,E,,
380,5,5,5,5,E,5,5,5,5,E,5,5,5,5,E,,3,3,3,3,E,3,3,3,3,E,3,3,3,3,E,,3,3,3,3,E,,,
381,23,23,23,23,23,23,23,23,23,E,23,23,23,23,23,23,23,23,23,E,21,21,21,21,21,21,21,E,23,23,23,23,23,23,23,23,23,E,,
382,5,5,5,5,E,5,5,5,5,E,5,5,5,5,E,,3,3,3,3,E,3,3,3,3,E,3,3,3,3,E,,3,3,3,3,E,,,
383,23,23,23,23,23,23,23,23,23,E,23,23,23,23,23,23,23,23,23,E,21,21,21,21,21,21,21,E,23,23,23,23,23,23,23,23,23,E,,
384,5,5,5,5,E,5,5,5,5,E,5,5,5,5,E,,3,3,3,3,E,3,3,3,3,E,3,3,3,3,E,,3,3,3,3,E,,,
385,23,23,23,23,23,23,23,23,23,E,23,23,23,23,23,23,23,23,23,E,21,21,21,21,21,21,21,E,23,23,23,23,23,23,23,23,23,E,,
386,5,5,5,5,E,5,5,5,5,E,5,5,5,5,E,,3,3,3,3,E,3,3,3,3,E,3,3,3,3,E,,3,3,3,3,E,,,
387,23,23,23,23,23,23,23,23,23,E,23,23,23,23,23,23,23,23,23,E,21,21,21,21,21,21,21,E,23,23,23,23,23,23,23,23,23,E,,
388,18,18,18,18,18,18,18,18,18,18,18,E,18,18,18,18,18,18,18,18,18,18,18,E,16,16,16,16,E,16,16,16,16,E,16,16,16,16,E,
389,23,23,23,23,23,23,23,23,23,E,23,23,23,23,23,23,23,23,23,E,21,21,21,21,21,21,21,E,23,23,23,23,23,23,23,23,23,E,,
390,18,18,18,18,18,18,18,18,18,18,18,E,18,18,18,18,18,18,18,18,18,18,18,E,16,16,16,16,E,16,16,16,16,E,16,16,16,16,E,
391,23,23,23,23,23,23,23,23,23,E,23,23,23,23,23,23,23,23,23,E,21,21,21,21,21,21,21,E,23,23,23,23,23,23,23,23,23,E,,
392,18,18,18,18,18,18,18,18,18,18,18,E,18,18,18,18,18,18,18,18,18,18,18,E,16,16,16,16,E,16,16,16,16,E,16,16,16,16,E,
393,23,23,23,23,23,23,23,23,23,E,23,23,23,23,23,23,23,23,23,E,21,21,21,21,21,21,21,E,23,23,23,23,23,23,23,23,23,E,,
394,18,18,18,18,18,18,18,18,18,18,18,E,18,18,18,18,18,18,18,18,18,18,18,E,16,16,16,16,E,16,16,16,16,E,16,16,16,16,E,
395,23,23,23,23,23,23,23,23,23,E,23,23,23,23,23,23,23,23,23,E,21,21,21,21,21,21,21,E,23,23,23,23,23,23,23,23,23,E,,
396,5,5,5,5,E,5,5,5,5,E,5,5,5,5,E,,3,3,3,3,E,3,3,3,3,E,3,3,3,3,E,,3,3,3,3,E,,,
397,23,23,23,23,23,23,23,23,23,E,23,23,23,23,23,23,23,23,23,E,21,21,21,21,21,21,21,E,23,23,23,23,23,23,23,23,23,E,,
398,5,5,5,5,E,5,5,5,5,E,5,5,5,5,E,,3,3,3,3,E,3,3,3,3,E,3,3,3,3,E,,3,3,3,3,E,,,
399,23,23,23,23,23,23,23,23,23,E,23,23,23,23,23,23,23,23,23,E,21,21,21,21,21,21,21,E,23,23,23,23,23,23,23,23,23,E,,
400,18,18,18,18,18,18,18,18,18,18,18,E,18,18,18,18,18,18,18,18,18,18,18,E,16,16,16,16,E,16,16,16,16,E,16,16,16,16,E,
