Revenue
49485.2
Rack/Week,1,2,3,4,5,6,7,8,9,10,11,12,13,14,15,16,17,18,19,20,21,22,23,24,25,26,27,28,29,30,31,32,33,34,35,36,37,38,39,40
1,21,21,21,21,21,21,21,E,M,23,23,23,23,23,23,23,23,23,E,21,21,21,21,21,21,21,E,23,23,23,23,23,23,23,23,23,E,,,
2,6,6,6,6,E,6,6,6,6,E,6,6,6,6,E,,,3,3,3,3,E,3,3,3,3,E,3,3,3,3,E,3,3,3,3,E,,,
3,21,21,21,21,21,21,21,E,,23,23,23,23,23,23,23,23,23,E,21,21,21,21,21,21,21,E,23,23,23,23,23,23,23,23,23,E,,,
4,6,6,6,6,E,6,6,6,6,E,6,6,6,6,E,,,3,3,3,3,E,3,3,3,3,E,3,3,3,3,E,3,3,3,3,E,,,
5,21,21,21,21,21,21,21,E,,23,23,23,23,23,23,23,23,23,E,21,21,21,21,21,21,21,E,23,23,23,23,23,23,23,23,23,E,,,
6,,16,16,16,16,E,16,16,16,16,E,,7,7,7,7,E,3,3,3,3,E,3,3,3,3,E,16,16,16,16,E,16,16,16,16,E,,,
7,21,21,21,21,21,21,21,E,,23,23,23,23,23,23,23,23,23,E,21,21,21,21,21,21,21,E,23,23,23,23,23,23,23,23,23,E,,,
8,,16,16,16,16,E,16,16,16,16,E,,7,7,7,7,E,3,3,3,3,E,3,3,3,3,E,16,16,16,16,E,16,16,16,16,E,,,
9,21,21,21,21,21,21,21,E,,23,23,23,23,23,23,23,23,23,E,21,21,21,21,21,21,21,E,23,23,23,23,23,23,23,23,23,E,,,
10,,16,16,16,16,E,16,16,16,16,E,,7,7,7,7,E,3,3,3,3,E,3,3,3,3,E,16,16,16,16,E,16,16,16,16,E,,,
11,21,21,21,21,21,21,21,E,,23,23,23,23,23,23,23,23,23,E,21,21,21,21,21,21,21,E,23,23,23,23,23,23,23,23,23,E,,,
12,,16,16,16,16,E,16,16,16,16,E,,7,7,7,7,E,3,3,3,3,E,3,3,3,3,E,16,16,16,16,E,16,16,16,16,E,,,
13,21,21,21,21,21,21,21,E,,23,23,23,23,23,23,23,23,23,E,21,21,21,21,21,21,21,E,23,23,23,23,23,23,23,23,23,E,,,
14,6,6,6,6,E,6,6,6,6,E,6,6,6,6,E,,,3,3,3,3,E,3,3,3,3,E,3,3,3,3,E,3,3,3,3,E,,,
15,21,21,21,21,21,21,21,E,,23,23,23,23,23,23,23,23,23,E,21,21,21,21,21,21,21,E,23,23,23,23,23,23,23,23,23,E,,,
16,6,6,6,6,E,6,6,6,6,E,6,6,6,6,E,,,3,3,3,3,E,3,3,3,3,E,3,3,3,3,E,3,3,3,3,E,,,
17,21,21,21,21,21,21,21,E,,23,23,23,23,23,23,23,23,23,E,21,21,21,21,21,21,21,E,23,23,23,23,23,23,23,23,23,E,,,
18,6,6,6,6,E,6,6,6,6,E,6,6,6,6,E,,,3,3,3,3,E,3,3,3,3,E,3,3,3,3,E,3,3,3,3,E,,,
19,21,21,21,21,21,21,21,E,,23,23,23,23,23,23,23,23,23,E,21,21,21,21,21,21,21,E,23,23,23,23,23,23,23,23,23,E,,,
20,,16,16,16,16,E,16,16,16,16,E,,7,7,7,7,E,3,3,3,3,E,3,3,3,3,E,16,16,16,16,E,16,16,16,16,E,,,
21,21,21,21,21,21,21,21,E,,23,23,23,23,23,23,23,23,23,E,21,21,21,21,21,21,21,E,23,23,23,23,23,23,23,23,23,E,,,
22,,16,16,16,16,E,16,16,16,16,E,,7,7,7,7,E,3,3,3,3,E,3,3,3,3,E,16,16,16,16,E,16,16,16,16,E,,,
23,21,21,21,21,21,21,21,E,,23,23,23,23,23,23,23,23,23,E,21,21,21,21,21,21,21,E,23,23,23,23,23,23,23,23,23,E,,,
24,6,6,6,6,E,6,6,6,6,E,6,6,6,6,E,,,3,3,3,3,E,3,3,3,3,E,3,3,3,3,E,3,3,3,3,E,,,
25,21,21,21,21,21,21,21,E,,23,23,23,23,23,23,23,23,23,E,21,21,21,21,21,21,21,E,23,23,23,23,23,23,23,23,23,E,,,
26,6,6,6,6,E,6,6,6,6,E,6,6,6,6,E,,,3,3,3,3,E,3,3,3,3,E,3,3,3,3,E,3,3,3,3,E,,,
27,21,21,21,21,21,21,21,E,,23,23,23,23,23,23,23,23,23,E,21,21,21,21,21,21,21,E,23,23,23,23,23,23,23,23,23,E,,,
28,6,6,6,6,E,6,6,6,6,E,6,6,6,6,E,,,3,3,3,3,E,3,3,3,3,E,3,3,3,3,E,3,3,3,3,E,,,
29,21,21,21,21,21,21,21,E,,23,23,23,23,23,23,23,23,23,E,21,21,21,21,21,21,21,E,23,23,23,23,23,23,23,23,23,E,,,
30,6,6,6,6,E,6,6,6,6,E,6,6,6,6,E,,,3,3,3,3,E,3,3,3,3,E,3,3,3,3,E,3,3,3,3,E,,,
31,21,21,21,21,21,21,21,E,,23,23,23,23,23,23,23,23,23,E,21,21,21,21,21,21,21,E,23,23,23,23,23,23,23,23,23,E,,,
32,6,6,6,6,E,6,6,6,6,E,6,6,6,6,E,,,3,3,3,3,E,3,3,3,3,E,3,3,3,3,E,3,3,3,3,E,,,
33,21,21,21,21,21,21,21,E,,23,23,23,23,23,23,23,23,23,E,21,21,21,21,21,21,21,E,23,23,23,23,23,23,23,23,23,E,,,
34,6,6,6,6,E,6,6,6,6,E,6,6,6,6,E,,,3,3,3,3,E,3,3,3,3,E,3,3,3,3,E,3,3,3,3,E,,,
35,21,21,21,21,21,21,21,E,,23,23,23,23,23,23,23,23,23,E,21,21,21,21,21,21,21,E,23,23,23,23,23,23,23,23,23,E,,,
36,,16,16,16,16,E,16,16,16,16,E,,7,7,7,7,E,3,3,3,3,E,3,3,3,3,E,16,16,16,16,E,16,16,16,16,E,,,
37,21,21,21,21,21,21,21,E,,23,23,23,23,23,23,23,23,23,E,21,21,21,21,21,21,21,E,23,23,23,23,23,23,23,23,23,E,,,
38,6,6,6,6,E,6,6,6,6,E,6,6,6,6,E,,,3,3,3,3,E,3,3,3,3,E,3,3,3,3,E,3,3,3,3,E,,,
39,21,21,21,21,21,21,21,E,,23,23,23,23,23,23,23,23,23,E,21,21,21,21,21,21,21,E,23,23,23,23,23,23,23,23,23,E,,,
40,,16,16,16,16,E,16,16,16,16,E,,7,7,7,7,E,3,3,3,3,E,3,3,3,3,E,16,16,16,16,E,16,16,16,16,E,,,
41,21,21,21,21,21,21,21,E,,23,23,23,23,23,23,23,23,23,E,21,21,21,21,21,21,21,E,23,23,23,23,23,23,23,23,23,E,,,
42,,16,16,16,16,E,16,16,16,16,E,,7,7,7,7,E,3,3,3,3,E,3,3,3,3,E,16,16,16,16,E,16,16,16,16,E,,,
43,21,21,21,21,21,21,21,E,,23,23,23,23,23,23,23,23,23,E,21,21,21,21,21,21,21,E,23,23,23,23,23,23,23,23,23,E,,,
44,,16,16,16,16,E,16,16,16,16,E,,7,7,7,7,E,3,3,3,3,E,3,3,3,3,E,16,16,16,16,E,16,16,16,16,E,,,
45,21,21,21,21,21,21,21,E,,23,23,23,23,23,23,23,23,23,E,21,21,21,21,21,21,21,E,23,23,23,23,23,23,23,23,23,E,,,
46,6,6,6,6,E,6,6,6,6,E,6,6,6,6,E,,,3,3,3,3,E,3,3,3,3,E,3,3,3,3,E,3,3,3,3,E,,,
47,21,21,21,21,21,21,21,E,,23,23,23,23,23,23,23,23,23,E,21,21,21,21,21,21,21,E,23,23,23,23,23,23,23,23,23,E,,,
48,6,6,6,6,E,6,6,6,6,E,6,6,6,6,E,,,3,3,3,3,E,3,3,3,3,E,3,3,3,3,E,3,3,3,3,E,,,
49,21,21,21,21,21,21,21,E,,23,23,23,23,23,23,23,23,23,E,21,21,21,21,21,21,21,E,23,23,23,23,23,23,23,23,23,E,,,
50,6,6,6,6,E,6,6,6,6,E,6,6,6,6,E,,,3,3,3,3,E,3,3,3,3,E,3,3,3,3,E,3,3,3,3,E,,,
51,21,21,21,21,21,21,21,E,,23,23,23,23,23,23,23,23,23,E,21,21,21,21,21,21,21,E,23,23,23,23,23,23,23,23,23,E,,,
52,6,6,6,6,E,6,6,6,6,E,6,6,6,6,E,,,3,3,3,3,E,3,3,3,3,E,3,3,3,3,E,3,3,3,3,E,,,
53,21,21,21,21,21,21,21,E,,23,23,23,23,23,23,23,23,23,E,21,21,21,21,21,21,21,E,23,23,23,23,23,23,23,23,23,E,,,
54,6,6,6,6,E,6,6,6,6,E,6,6,6,6,E,,,3,3,3,3,E,3,3,3,3,E,3,3,3,3,E,3,3,3,3,E,,,
55,21,21,21,21,21,21,21,E,,23,23,23,23,23,23,23,23,23,E,21,21,21,21,21,21,21,E,23,23,23,23,23,23,23,23,23,E,,,
56,,16,16,16,16,E,16,16,16,16,E,,7,7,7,7,E,3,3,3,3,E,3,3,3,3,E,16,16,16,16,E,16,16,16,16,E,,,
57,21,21,21,21,21,21,21,E,,23,23,23,23,23,23,23,23,23,E,21,21,21,21,21,21,21,E,23,23,23,23,23,23,23,23,23,E,,,
58,,16,16,16,16,E,16,16,16,16,E,,7,7,7,7,E,3,3,3,3,E,3,3,3,3,E,16,16,16,16,E,16,16,16,16,E,,,
59,21,21,21,21,21,21,21,E,,23,23,23,23,23,23,23,23,23,E,21,21,21,21,21,21,21,E,23,23,23,23,23,23,23,23,23,E,,,
60,6,6,6,6,E,6,6,6,6,E,6,6,6,6,E,,,3,3,3,3,E,3,3,3,3,E,3,3,3,3,E,3,3,3,3,E,,,
61,21,21,21,21,21,21,21,E,,23,23,23,23,23,23,23,23,23,E,21,21,21,21,21,21,21,E,23,23,23,23,23,23,23,23,23,E,,,
62,6,6,6,6,E,6,6,6,6,E,6,6,6,6,E,,,3,3,3,3,E,3,3,3,3,E,3,3,3,3,E,3,3,3,3,E,,,
63,21,21,21,21,21,21,21,E,,23,23,23,23,23,23,23,23,23,E,21,21,21,21,21,21,21,E,23,23,23,23,23,23,23,23,23,E,,,
64,,16,16,16,16,E,16,16,16,16,E,,7,7,7,7,E,3,3,3,3,E,3,3,3,3,E,16,16,16,16,E,16,16,16,16,E,,,
65,21,21,21,21,21,21,21,E,,23,23,23,23,23,23,23,23,23,E,21,21,21,21,21,21,21,E,23,23,23,23,23,23,23,23,23,E,,,
66,,16,16,16,16,E,16,16,16,16,E,,7,7,7,7,E,3,3,3,3,E,3,3,3,3,E,16,16,16,16,E,16,16,16,16,E,,,
67,21,21,21,21,21,21,21,E,,23,23,23,23,23,23,23,23,23,E,21,21,21,21,21,21,21,E,23,23,23,23,23,23,23,23,23,E,,,
68,6,6,6,6,E,6,6,6,6,E,6,6,6,6,E,,,3,3,3,3,E,3,3,3,3,E,3,3,3,3,E,3,3,3,3,E,,,
69,21,21,21,21,21,21,21,E,,23,23,23,23,23,23,23,23,23,E,21,21,21,21,21,21,21,E,23,23,23,23,23,23,23,23,23,E,,,
70,6,6,6,6,E,6,6,6,6,E,6,6,6,6,E,,,3,3,3,3,E,3,3,3,3,E,3,3,3,3,E,3,3,3,3,E,,,
71,21,21,21,21,21,21,21,E,,23,23,23,23,23,23,23,23,23,E,21,21,21,21,21,21,21,E,23,23,23,23,23,23,23,23,23,E,,,
72,,16,16,16,16,E,16,16,16,16,E,,7,7,7,7,E,3,3,3,3,E,3,3,3,3,E,16,16,16,16,E,16,16,16,16,E,,,
73,21,21,21,21,21,21,21,E,,23,23,23,23,23,23,23,23,23,E,21,21,21,21,21,21,21,E,23,23,23,23,23,23,23,23,23,E,,,
74,6,6,6,6,E,6,6,6,6,E,6,6,6,6,E,,,3,3,3,3,E,3,3,3,3,E,3,3,3,3,E,3,3,3,3,E,,,
75,21,21,21,21,21,21,21,E,,23,23,23,23,23,23,23,23,23,E,21,21,21,21,21,21,21,E,23,23,23,23,23,23,23,23,23,E,,,
76,6,6,6,6,E,6,6,6,6,E,6,6,6,6,E,,,3,3,3,3,E,3,3,3,3,E,3,3,3,3,E,3,3,3,3,E,,,
77,21,21,21,21,21,21,21,E,,23,23,23,23,23,23,23,23,23,E,21,21,21,21,21,21,21,E,23,23,23,23,23,23,23,23,23,E,,,
78,6,6,6,6,E,6,6,6,6,E,6,6,6,6,E,,,3,3,3,3,E,3,3,3,3,E,3,3,3,3,E,3,3,3,3,E,,,
79,21,21,21,21,21,21,21,E,,23,23,23,23,23,23,23,23,23,E,21,21,21,21,21,21,21,E,23,23,23,23,23,23,23,23,23,E,,,
80,,16,16,16,16,E,16,16,16,16,E,,7,7,7,7,E,3,3,3,3,E,3,3,3,3,E,16,16,16,16,E,16,16,16,16,E,,,
81,21,21,21,21,21,21,21,E,,23,23,23,23,23,23,23,23,23,E,21,21,21,21,21,21,21,E,23,23,23,23,23,23,23,23,23,E,,,
82,6,6,6,6,E,6,6,6,6,E,6,6,6,6,E,,,3,3,3,3,E,3,3,3,3,E,3,3,3,3,E,3,3,3,3,E,,,
83,21,21,21,21,21,21,21,E,,23,23,23,23,23,23,23,23,23,E,21,21,21,21,21,21,21,E,23,23,23,23,23,23,23,23,23,E,,,
84,,16,16,16,16,E,16,16,16,16,E,,7,7,7,7,E,3,3,3,3,E,3,3,3,3,E,16,16,16,16,E,16,16,16,16,E,,,
85,21,21,21,21,21,21,21,E,,23,23,23,23,23,23,23,23,23,E,21,21,21,21,21,21,21,E,23,23,23,23,23,23,23,23,23,E,,,
86,6,6,6,6,E,6,6,6,6,E,6,6,6,6,E,,,3,3,3,3,E,3,3,3,3,E,3,3,3,3,E,3,3,3,3,E,,,
87,21,21,21,21,21,21,21,E,,23,23,23,23,23,23,23,23,23,E,21,21,21,21,21,21,21,E,23,23,23,23,23,23,23,23,23,E,,,
88,6,6,6,6,E,6,6,6,6,E,6,6,6,6,E,,,3,3,3,3,E,3,3,3,3,E,3,3,3,3,E,3,3,3,3,E,,,
89,21,21,21,21,21,21,21,E,,23,23,23,23,23,23,23,23,23,E,21,21,21,21,21,21,21,E,23,23,23,23,23,23,23,23,23,E,,,
90,,16,16,16,16,E,16,16,16,16,E,,7,7,7,7,E,3,3,3,3,E,3,3,3,3,E,16,16,16,16,E,16,16,16,16,E,,,
91,21,21,21,21,21,21,21,E,,23,23,23,23,23,23,23,23,23,E,21,21,21,21,21,21,21,E,23,23,23,23,23,23,23,23,23,E,,,
92,,16,16,16,16,E,16,16,16,16,E,,7,7,7,7,E,3,3,3,3,E,3,3,3,3,E,16,16,16,16,E,16,16,16,16,E,,,
93,21,21,21,21,21,21,21,E,,23,23,23,23,23,23,23,23,23,E,21,21,21,21,21,21,21,E,23,23,23,23,23,23,23,23,23,E,,,
94,,16,16,16,16,E,16,16,16,16,E,,7,7,7,7,E,3,3,3,3,E,3,3,3,3,E,16,16,16,16,E,16,16,16,16,E,,,
95,21,21,21,21,21,21,21,E,,23,23,23,23,23,23,23,23,23,E,21,21,21,21,21,21,21,E,23,23,23,23,23,23,23,23,23,E,,,
96,,16,16,16,16,E,16,16,16,16,E,,7,7,7,7,E,3,3,3,3,E,3,3,3,3,E,16,16,16,16,E,16,16,16,16,E,,,
97,21,21,21,21,21,21,21,E,,23,23,23,23,23,23,23,23,23,E,21,21,21,21,21,21,21,E,23,23,23,23,23,23,23,23,23,E,,,
98,6,6,6,6,E,6,6,6,6,E,6,6,6,6,E,,,3,3,3,3,E,3,3,3,3,E,3,3,3,3,E,3,3,3,3,E,,,
99,21,21,21,21,21,21,21,E,,23,23,23,23,23,23,23,23,23,E,21,21,21,21,21,21,21,E,23,23,23,23,23,23,23,23,23,E,,,
100,,16,16,16,16,E,16,16,16,16,E,,7,7,7,7,E,3,3,3,3,E,3,3,3,3,E,16,16,16,16,E,16,16,16,16,E,,,
101,21,21,21,21,21,21,21,E,,23,23,23,23,23,23,23,23,23,E,21,21,21,21,21,21,21,E,23,23,23,23,23,23,23,23,23,E,,,
102,,16,16,16,16,E,16,16,16,16,E,,7,7,7,7,E,3,3,3,3,E,3,3,3,3,E,16,16,16,16,E,16,16,16,16,E,,,
103,21,21,21,21,21,21,21,E,,23,23,23,23,23,23,23,23,23,E,21,21,21,21,21,21,21,E,23,23,23,23,23,23,23,23,23,E,,,
104,6,6,6,6,E,6,6,6,6,E,6,6,6,6,E,,,3,3,3,3,E,3,3,3,3,E,3,3,3,3,E,3,3,3,3,E,,,
105,21,21,21,21,21,21,21,E,,23,23,23,23,23,23,23,23,23,E,21,21,21,21,21,21,21,E,23,23,23,23,23,23,23,23,23,E,,,
106,,16,16,16,16,E,16,16,16,16,E,,7,7,7,7,E,3,3,3,3,E,3,3,3,3,E,16,16,16,16,E,16,16,16,16,E,,,
107,21,21,21,21,21,21,21,E,,23,23,23,23,23,23,23,23,23,E,21,21,21,21,21,21,21,E,23,23,23,23,23,23,23,23,23,E,,,
108,,16,16,16,16,E,16,16,16,16,E,,7,7,7,7,E,3,3,3,3,E,3,3,3,3,E,16,16,16,16,E,16,16,16,16,E,,,
109,21,21,21,21,21,21,21,E,,23,23,23,23,23,23,23,23,23,E,21,21,21,21,21,21,21,E,23,23,23,23,23,23,23,23,23,E,,,
110,,16,16,16,16,E,16,16,16,16,E,,7,7,7,7,E,3,3,3,3,E,3,3,3,3,E,16,16,16,16,E,16,16,16,16,E,,,
111,21,21,21,21,21,21,21,E,,23,23,23,23,23,23,23,23,23,E,21,21,21,21,21,21,21,E,23,23,23,23,23,23,23,23,23,E,,,
112,6,6,6,6,E,6,6,6,6,E,6,6,6,6,E,,,3,3,3,3,E,3,3,3,3,E,3,3,3,3,E,3,3,3,3,E,,,
113,21,21,21,21,21,21,21,E,,23,23,23,23,23,23,23,23,23,E,21,21,21,21,21,21,21,E,23,23,23,23,23,23,23,23,23,E,,,
114,6,6,6,6,E,6,6,6,6,E,6,6,6,6,E,,,3,3,3,3,E,3,3,3,3,E,3,3,3,3,E,3,3,3,3,E,,,
115,21,21,21,21,21,21,21,E,,23,23,23,23,23,23,23,23,23,E,21,21,21,21,21,21,21,E,23,23,23,23,23,23,23,23,23,E,,,
116,6,6,6,6,E,6,6,6,6,E,6,6,6,6,E,,,3,3,3,3,E,3,3,3,3,E,3,3,3,3,E,3,3,3,3,E,,,
117,21,21,21,21,21,21,21,E,,23,23,23,23,23,23,23,23,23,E,21,21,21,21,21,21,21,E,23,23,23,23,23,23,23,23,23,E,,,
118,,16,16,16,16,E,16,16,16,16,E,,7,7,7,7,E,3,3,3,3,E,3,3,3,3,E,16,16,16,16,E,16,16,16,16,E,,,
119,21,21,21,21,21,21,21,E,,23,23,23,23,23,23,23,23,23,E,21,21,21,21,21,21,21,E,23,23,23,23,23,23,23,23,23,E,,,
120,,16,16,16,16,E,16,16,16,16,E,,7,7,7,7,E,3,3,3,3,E,3,3,3,3,E,16,16,16,16,E,16,16,16,16,E,,,
121,21,21,21,21,21,21,21,E,,23,23,23,23,23,23,23,23,23,E,21,21,21,21,21,21,21,E,23,23,23,23,23,23,23,23,23,E,,,
122,6,6,6,6,E,6,6,6,6,E,6,6,6,6,E,,,3,3,3,3,E,3,3,3,3,E,3,3,3,3,E,3,3,3,3,E,,,
123,21,21,21,21,21,21,21,E,,23,23,23,23,23,23,23,23,23,E,21,21,21,21,21,21,21,E,23,23,23,23,23,23,23,23,23,E,,,
124,,16,16,16,16,E,16,16,16,16,E,,7,7,7,7,E,3,3,3,3,E,3,3,3,3,E,16,16,16,16,E,16,16,16,16,E,,,
125,21,21,21,21,21,21,21,E,,23,23,23,23,23,23,23,23,23,E,21,21,21,21,21,21,21,E,23,23,23,23,23,23,23,23,23,E,,,
126,6,6,6,6,E,6,6,6,6,E,6,6,6,6,E,,,3,3,3,3,E,3,3,3,3,E,3,3,3,3,E,3,3,3,3,E,,,
127,21,21,21,21,21,21,21,E,,23,23,23,23,23,23,23,23,23,E,21,21,21,21,21,21,21,E,23,23,23,23,23,23,23,23,23,E,,,
128,,16,16,16,16,E,16,16,16,16,E,,7,7,7,7,E,3,3,3,3,E,3,3,3,3,E,16,16,16,16,E,16,16,16,16,E,,,
129,21,21,21,21,21,21,21,E,,23,23,23,23,23,23,23,23,23,E,21,21,21,21,21,21,21,E,23,23,23,23,23,23,23,23,23,E,,,
130,6,6,6,6,E,6,6,6,6,E,6,6,6,6,E,,,3,3,3,3,E,3,3,3,3,E,3,3,3,3,E,3,3,3,3,E,,,
131,21,21,21,21,21,21,21,E,,23,23,23,23,23,23,23,23,23,E,21,21,21,21,21,21,21,E,23,23,23,23,23,23,23,23,23,E,,,
132,,16,16,16,16,E,16,16,16,16,E,,7,7,7,7,E,3,3,3,3,E,3,3,3,3,E,16,16,16,16,E,16,16,16,16,E,,,
133,21,21,21,21,21,21,21,E,,23,23,23,23,23,23,23,23,23,E,21,21,21,21,21,21,21,E,23,23,23,23,23,23,23,23,23,E,,,
134,,16,16,16,16,E,16,16,16,16,E,,7,7,7,7,E,3,3,3,3,E,3,3,3,3,E,16,16,16,16,E,16,16,16,16,E,,,
135,21,21,21,21,21,21,21,E,,23,23,23,23,23,23,23,23,23,E,21,21,21,21,21,21,21,E,23,23,23,23,23,23,23,23,23,E,,,
136,6,6,6,6,E,6,6,6,6,E,6,6,6,6,E,,,3,3,3,3,E,3,3,3,3,E,3,3,3,3,E,3,3,3,3,E,,,
137,21,21,21,21,21,21,21,E,,23,23,23,23,23,23,23,23,23,E,21,21,21,21,21,21,21,E,23,23,23,23,23,23,23,23,23,E,,,
138,,16,16,16,16,E,16,16,16,16,E,,7,7,7,7,E,3,3,3,3,E,3,3,3,3,E,16,16,16,16,E,16,16,16,16,E,,,
139,21,21,21,21,21,21,21,E,,23,23,23,23,23,23,23,23,23,E,21,21,21,21,21,21,21,E,23,23,23,23,23,23,23,23,23,E,,,
140,,16,16,16,16,E,16,16,16,16,E,,7,7,7,7,E,3,3,3,3,E,3,3,3,3,E,16,16,16,16,E,16,16,16,16,E,,,
141,21,21,21,21,21,21,21,E,,23,23,23,23,23,23,23,23,23,E,21,21,21,21,21,21,21,E,23,23,23,23,23,23,23,23,23,E,,,
142,6,6,6,6,E,6,6,6,6,E,6,6,6,6,E,,,3,3,3,3,E,3,3,3,3,E,3,3,3,3,E,3,3,3,3,E,,,
143,21,21,21,21,21,21,21,E,,23,23,23,23,23,23,23,23,23,E,21,21,21,21,21,21,21,E,23,23,23,23,23,23,23,23,23,E,,,
144,,16,16,16,16,E,16,16,16,16,E,,7,7,7,7,E,3,3,3,3,E,3,3,3,3,E,16,16,16,16,E,16,16,16,16,E,,,
145,21,21,21,21,21,21,21,E,,23,23,23,23,23,23,23,23,23,E,21,21,21,21,21,21,21,E,23,23,23,23,23,23,23,23,23,E,,,
146,,16,16,16,16,E,16,16,16,16,E,,7,7,7,7,E,3,3,3,3,E,3,3,3,3,E,16,16,16,16,E,16,16,16,16,E,,,
147,21,21,21,21,21,21,21,E,,23,23,23,23,23,23,23,23,23,E,21,21,21,21,21,21,21,E,23,23,23,23,23,23,23,23,23,E,,,
148,6,6,6,6,E,6,6,6,6,E,6,6,6,6,E,,,3,3,3,3,E,3,3,3,3,E,3,3,3,3,E,3,3,3,3,E,,,
149,21,21,21,21,21,21,21,E,,23,23,23,23,23,23,23,23,23,E,21,21,21,21,21,21,21,E,23,23,23,23,23,23,23,23,23,E,,,
150,6,6,6,6,E,6,6,6,6,E,6,6,6,6,E,,,3,3,3,3,E,3,3,3,3,E,3,3,3,3,E,3,3,3,3,E,,,
151,21,21,21,21,21,21,21,E,,23,23,23,23,23,23,23,23,23,E,21,21,21,21,21,21,21,E,23,23,23,23,23,23,23,23,23,E,,,
152,,16,16,16,16,E,16,16,16,16,E,,7,7,7,7,E,3,3,3,3,E,3,3,3,3,E,16,16,16,16,E,16,16,16,16,E,,,
153,21,21,21,21,21,21,21,E,,23,23,23,23,23,23,23,23,23,E,21,21,21,21,21,21,21,E,23,23,23,23,23,23,23,23,23,E,,,
154,,16,16,16,16,E,16,16,16,16,E,,7,7,7,7,E,3,3,3,3,E,3,3,3,3,E,16,16,16,16,E,16,16,16,16,E,,,
155,21,21,21,21,21,21,21,E,,23,23,23,23,23,23,23,23,23,E,21,21,21,21,21,21,21,E,23,23,23,23,23,23,23,23,23,E,,,
156,6,6,6,6,E,6,6,6,6,E,6,6,6,6,E,,,3,3,3,3,E,3,3,3,3,E,3,3,3,3,E,3,3,3,3,E,,,
157,21,21,21,21,21,21,21,E,,23,23,23,23,23,23,23,23,23,E,21,21,21,21,21,21,21,E,23,23,23,23,23,23,23,23,23,E,,,
158,6,6,6,6,E,6,6,6,6,E,6,6,6,6,E,,,3,3,3,3,E,3,3,3,3,E,3,3,3,3,E,3,3,3,3,E,,,
159,21,21,21,21,21,21,21,E,,23,23,23,23,23,23,23,23,23,E,21,21,21,21,21,21,21,E,23,23,23,23,23,23,23,23,23,E,,,
160,,16,16,16,16,E,16,16,16,16,E,,7,7,7,7,E,3,3,3,3,E,3,3,3,3,E,16,16,16,16,E,16,16,16,16,E,,,
161,21,21,21,21,21,21,21,E,,23,23,23,23,23,23,23,23,23,E,21,21,21,21,21,21,21,E,23,23,23,23,23,23,23,23,23,E,,,
162,,16,16,16,16,E,16,16,16,16,E,,7,7,7,7,E,3,3,3,3,E,3,3,3,3,E,16,16,16,16,E,16,16,16,16,E,,,
163,21,21,21,21,21,21,21,E,,23,23,23,23,23,23,23,23,23,E,21,21,21,21,21,21,21,E,23,23,23,23,23,23,23,23,23,E,,,
164,6,6,6,6,E,6,6,6,6,E,6,6,6,6,E,,,3,3,3,3,E,3,3,3,3,E,3,3,3,3,E,3,3,3,3,E,,,
165,21,21,21,21,21,21,21,E,,23,23,23,23,23,23,23,23,23,E,21,21,21,21,21,21,21,E,23,23,23,23,23,23,23,23,23,E,,,
166,6,6,6,6,E,6,6,6,6,E,6,6,6,6,E,,,3,3,3,3,E,3,3,3,3,E,3,3,3,3,E,3,3,3,3,E,,,
167,21,21,21,21,21,21,21,E,,23,23,23,23,23,23,23,23,23,E,21,21,21,21,21,21,21,E,23,23,23,23,23,23,23,23,23,E,,,
168,6,6,6,6,E,6,6,6,6,E,6,6,6,6,E,,,3,3,3,3,E,3,3,3,3,E,3,3,3,3,E,3,3,3,3,E,,,
169,21,21,21,21,21,21,21,E,,23,23,23,23,23,23,23,23,23,E,21,21,21,21,21,21,21,E,23,23,23,23,23,23,23,23,23,E,,,
170,6,6,6,6,E,6,6,6,6,E,6,6,6,6,E,,,3,3,3,3,E,3,3,3,3,E,3,3,3,3,E,3,3,3,3,E,,,
171,21,21,21,21,21,21,21,E,,23,23,23,23,23,23,23,23,23,E,21,21,21,21,21,21,21,E,23,23,23,23,23,23,23,23,23,E,,,
172,,16,16,16,16,E,16,16,16,16,E,,7,7,7,7,E,3,3,3,3,E,3,3,3,3,E,16,16,16,16,E,16,16,16,16,E,,,
173,21,21,21,21,21,21,21,E,,23,23,23,23,23,23,23,23,23,E,21,21,21,21,21,21,21,E,23,23,23,23,23,23,23,23,23,E,,,
174,,16,16,16,16,E,16,16,16,16,E,,7,7,7,7,E,3,3,3,3,E,3,3,3,3,E,16,16,16,16,E,16,16,16,16,E,,,
175,21,21,21,21,21,21,21,E,,23,23,23,23,23,23,23,23,23,E,21,21,21,21,21,21,21,E,23,23,23,23,23,23,23,23,23,E,,,
176,,16,16,16,16,E,16,16,16,16,E,,7,7,7,7,E,3,3,3,3,E,3,3,3,3,E,16,16,16,16,E,16,16,16,16,E,,,
177,21,21,21,21,21,21,21,E,,23,23,23,23,23,23,23,23,23,E,21,21,21,21,21,21,21,E,23,23,23,23,23,23,23,23,23,E,,,
178,,16,16,16,16,E,16,16,16,16,E,,7,7,7,7,E,3,3,3,3,E,3,3,3,3,E,16,16,16,16,E,16,16,16,16,E,,,
179,21,21,21,21,21,21,21,E,,23,23,23,23,23,23,23,23,23,E,21,21,21,21,21,21,21,E,23,23,23,23,23,23,23,23,23,E,,,
180,6,6,6,6,E,6,6,6,6,E,6,6,6,6,E,,,3,3,3,3,E,3,3,3,3,E,3,3,3,3,E,3,3,3,3,E,,,
181,21,21,21,21,21,21,21,E,,23,23,23,23,23,23,23,23,23,E,21,21,21,21,21,21,21,E,23,23,23,23,23,23,23,23,23,E,,,
182,,16,16,16,16,E,16,16,16,16,E,,7,7,7,7,E,3,3,3,3,E,3,3,3,3,E,16,16,16,16,E,16,16,16,16,E,,,
183,21,21,21,21,21,21,21,E,,23,23,23,23,23,23,23,23,23,E,21,21,21,21,21,21,21,E,23,23,23,23,23,23,23,23,23,E,,,
184,6,6,6,6,E,6,6,6,6,E,6,6,6,6,E,,,3,3,3,3,E,3,3,3,3,E,3,3,3,3,E,3,3,3,3,E,,,
185,21,21,21,21,21,21,21,E,,23,23,23,23,23,23,23,23,23,E,21,21,21,21,21,21,21,E,23,23,23,23,23,23,23,23,23,E,,,
186,6,6,6,6,E,6,6,6,6,E,6,6,6,6,E,,,3,3,3,3,E,3,3,3,3,E,3,3,3,3,E,3,3,3,3,E,,,
187,21,21,21,21,21,21,21,E,,23,23,23,23,23,23,23,23,23,E,21,21,21,21,21,21,21,E,23,23,23,23,23,23,23,23,23,E,,,
188,,16,16,16,16,E,16,16,16,16,E,,7,7,7,7,E,3,3,3,3,E,3,3,3,3,E,16,16,16,16,E,16,16,16,16,E,,,
189,21,21,21,21,21,21,21,E,,23,23,23,23,23,23,23,23,23,E,21,21,21,21,21,21,21,E,23,23,23,23,23,23,23,23,23,E,,,
190,6,6,6,6,E,6,6,6,6,E,6,6,6,6,E,,,3,3,3,3,E,3,3,3,3,E,3,3,3,3,E,3,3,3,3,E,,,
191,21,21,21,21,21,21,21,E,,23,23,23,23,23,23,23,23,23,E,21,21,21,21,21,21,21,E,23,23,23,23,23,23,23,23,23,E,,,
192,,16,16,16,16,E,16,16,16,16,E,,7,7,7,7,E,3,3,3,3,E,3,3,3,3,E,16,16,16,16,E,16,16,16,16,E,,,
193,21,21,21,21,21,21,21,E,,23,23,23,23,23,23,23,23,23,E,21,21,21,21,21,21,21,E,23,23,23,23,23,23,23,23,23,E,,,
194,6,6,6,6,E,6,6,6,6,E,6,6,6,6,E,,,3,3,3,3,E,3,3,3,3,E,3,3,3,3,E,3,3,3,3,E,,,
195,21,21,21,21,21,21,21,E,,23,23,23,23,23,23,23,23,23,E,21,21,21,21,21,21,21,E,23,23,23,23,23,23,23,23,23,E,,,
196,,16,16,16,16,E,16,16,16,16,E,,7,7,7,7,E,3,3,3,3,E,3,3,3,3,E,16,16,16,16,E,16,16,16,16,E,,,
197,21,21,21,21,21,21,21,E,,23,23,23,23,23,23,23,23,23,E,21,21,21,21,21,21,21,E,23,23,23,23,23,23,23,23,23,E,,,
198,,16,16,16,16,E,16,16,16,16,E,,7,7,7,7,E,3,3,3,3,E,3,3,3,3,E,16,16,16,16,E,16,16,16,16,E,,,
199,21,21,21,21,21,21,21,E,,23,23,23,23,23,23,23,23,23,E,21,21,21,21,21,21,21,E,23,23,23,23,23,23,23,23,23,E,,,
200,,16,16,16,16,E,16,16,16,16,E,,7,7,7,7,E,3,3,3,3,E,3,3,3,3,E,16,16,16,16,E,16,16,16,16,E,,,
201,21,21,21,21,21,21,21,E,,23,23,23,23,23,23,23,23,23,E,21,21,21,21,21,21,21,E,23,23,23,23,23,23,23,23,23,E,,,
202,,16,16,16,16,E,16,16,16,16,E,,7,7,7,7,E,3,3,3,3,E,3,3,3,3,E,16,16,16,16,E,16,16,16,16,E,,,
203,21,21,21,21,21,21,21,E,,23,23,23,23,23,23,23,23,23,E,21,21,21,21,21,21,21,E,23,23,23,23,23,23,23,23,23,E,,,
204,,16,16,16,16,E,16,16,16,16,E,,7,7,7,7,E,3,3,3,3,E,3,3,3,3,E,16,16,16,16,E,16,16,16,16,E,,,
205,21,21,21,21,21,21,21,E,,23,23,23,23,23,23,23,23,23,E,21,21,21,21,21,21,21,E,23,23,23,23,23,23,23,23,23,E,,,
206,,16,16,16,16,E,16,16,16,16,E,,7,7,7,7,E,3,3,3,3,E,3,3,3,3,E,16,16,16,16,E,16,16,16,16,E,,,
207,21,21,21,21,21,21,21,E,,23,23,23,23,23,23,23,23,23,E,21,21,21,21,21,21,21,E,23,23,23,23,23,23,23,23,23,E,,,
208,,16,16,16,16,E,16,16,16,16,E,,7,7,7,7,E,3,3,3,3,E,3,3,3,3,E,16,16,16,16,E,16,16,16,16,E,,,
209,21,21,21,21,21,21,21,E,,23,23,23,23,23,23,23,23,23,E,21,21,21,21,21,21,21,E,23,23,23,23,23,23,23,23,23,E,,,
210,6,6,6,6,E,6,6,6,6,E,6,6,6,6,E,,,3,3,3,3,E,3,3,3,3,E,3,3,3,3,E,3,3,3,3,E,,,
211,21,21,21,21,21,21,21,E,,23,23,23,23,23,23,23,23,23,E,21,21,21,21,21,21,21,E,23,23,23,23,23,23,23,23,23,E,,,
212,,16,16,16,16,E,16,16,16,16,E,,7,7,7,7,E,3,3,3,3,E,3,3,3,3,E,16,16,16,16,E,16,16,16,16,E,,,
213,21,21,21,21,21,21,21,E,,23,23,23,23,23,23,23,23,23,E,21,21,21,21,21,21,21,E,23,23,23,23,23,23,23,23,23,E,,,
214,6,6,6,6,E,6,6,6,6,E,6,6,6,6,E,,,3,3,3,3,E,3,3,3,3,E,3,3,3,3,E,3,3,3,3,E,,,
215,21,21,21,21,21,21,21,E,,23,23,23,23,23,23,23,23,23,E,21,21,21,21,21,21,21,E,23,23,23,23,23,23,23,23,23,E,,,
216,6,6,6,6,E,6,6,6,6,E,6,6,6,6,E,,,3,3,3,3,E,3,3,3,3,E,3,3,3,3,E,3,3,3,3,E,,,
217,21,21,21,21,21,21,21,E,,23,23,23,23,23,23,23,23,23,E,21,21,21,21,21,21,21,E,23,23,23,23,23,23,23,23,23,E,,,
218,6,6,6,6,E,6,6,6,6,E,6,6,6,6,E,,,3,3,3,3,E,3,3,3,3,E,3,3,3,3,E,3,3,3,3,E,,,
219,21,21,21,21,21,21,21,E,,23,23,23,23,23,23,23,23,23,E,21,21,21,21,21,21,21,E,23,23,23,23,23,23,23,23,23,E,,,
220,,16,16,16,16,E,16,16,16,16,E,,7,7,7,7,E,3,3,3,3,E,3,3,3,3,E,16,16,16,16,E,16,16,16,16,E,,,
221,21,21,21,21,21,21,21,E,,23,23,23,23,23,23,23,23,23,E,21,21,21,21,21,21,21,E,23,23,23,23,23,23,23,23,23,E,,,
222,6,6,6,6,E,6,6,6,6,E,6,6,6,6,E,,,3,3,3,3,E,3,3,3,3,E,3,3,3,3,E,3,3,3,3,E,,,
223,21,21,21,21,21,21,21,E,,23,23,23,23,23,23,23,23,23,E,21,21,21,21,21,21,21,E,23,23,23,23,23,23,23,23,23,E,,,
224,6,6,6,6,E,6,6,6,6,E,6,6,6,6,E,,,3,3,3,3,E,3,3,3,3,E,3,3,3,3,E,3,3,3,3,E,,,
225,21,21,21,21,21,21,21,E,,23,23,23,23,23,23,23,23,23,E,21,21,21,21,21,21,21,E,23,23,23,23,23,23,23,23,23,E,,,
226,,16,16,16,16,E,16,16,16,16,E,,7,7,7,7,E,3,3,3,3,E,3,3,3,3,E,16,16,16,16,E,16,16,16,16,E,,,
227,21,21,21,21,21,21,21,E,,23,23,23,23,23,23,23,23,23,E,21,21,21,21,21,21,21,E,23,23,23,23,23,23,23,23,23,E,,,
228,,16,16,16,16,E,16,16,16,16,E,,7,7,7,7,E,3,3,3,3,E,3,3,3,3,E,16,16,16,16,E,16,16,16,16,E,,,
229,21,21,21,21,21,21,21,E,,23,23,23,23,23,23,23,23,23,E,21,21,21,21,21,21,21,E,23,23,23,23,23,23,23,23,23,E,,,
230,,16,16,16,16,E,16,16,16,16,E,,7,7,7,7,E,3,3,3,3,E,3,3,3,3,E,16,16,16,16,E,16,16,16,16,E,,,
231,21,21,21,21,21,21,21,E,,23,23,23,23,23,23,23,23,23,E,21,21,21,21,21,21,21,E,23,23,23,23,23,23,23,23,23,E,,,
232,6,6,6,6,E,6,6,6,6,E,6,6,6,6,E,,,3,3,3,3,E,3,3,3,3,E,3,3,3,3,E,3,3,3,3,E,,,
233,21,21,21,21,21,21,21,E,,23,23,23,23,23,23,23,23,23,E,21,21,21,21,21,21,21,E,23,23,23,23,23,23,23,23,23,E,,,
234,6,6,6,6,E,6,6,6,6,E,6,6,6,6,E,,,3,3,3,3,E,3,3,3,3,E,3,3,3,3,E,3,3,3,3,E,,,
235,21,21,21,21,21,21,21,E,,23,23,23,23,23,23,23,23,23,E,21,21,21,21,21,21,21,E,23,23,23,23,23,23,23,23,23,E,,,
236,,16,16,16,16,E,16,16,16,16,E,,7,7,7,7,E,3,3,3,3,E,3,3,3,3,E,16,16,16,16,E,16,16,16,16,E,,,
237,21,21,21,21,21,21,21,E,,23,23,23,23,23,23,23,23,23,E,21,21,21,21,21,21,21,E,23,23,23,23,23,23,23,23,23,E,,,
238,,16,16,16,16,E,16,16,16,16,E,,7,7,7,7,E,3,3,3,3,E,3,3,3,3,E,16,16,16,16,E,16,16,16,16,E,,,
239,21,21,21,21,21,21,21,E,,23,23,23,23,23,23,23,23,23,E,21,21,21,21,21,21,21,E,23,23,23,23,23,23,23,23,23,E,,,
240,6,6,6,6,E,6,6,6,6,E,6,6,6,6,E,,,3,3,3,3,E,3,3,3,3,E,3,3,3,3,E,3,3,3,3,E,,,
241,21,21,21,21,21,21,21,E,,23,23,23,23,23,23,23,23,23,E,21,21,21,21,21,21,21,E,23,23,23,23,23,23,23,23,23,E,,,
242,6,6,6,6,E,6,6,6,6,E,6,6,6,6,E,,,3,3,3,3,E,3,3,3,3,E,3,3,3,3,E,3,3,3,3,E,,,
243,21,21,21,21,21,21,21,E,,23,23,23,23,23,23,23,23,23,E,21,21,21,21,21,21,21,E,23,23,23,23,23,23,23,23,23,E,,,
244,6,6,6,6,E,6,6,6,6,E,6,6,6,6,E,,,3,3,3,3,E,3,3,3,3,E,3,3,3,3,E,3,3,3,3,E,,,
245,21,21,21,21,21,21,21,E,,23,23,23,23,23,23,23,23,23,E,21,21,21,21,21,21,21,E,23,23,23,23,23,23,23,23,23,E,,,
246,6,6,6,6,E,6,6,6,6,E,6,6,6,6,E,,,3,3,3,3,E,3,3,3,3,E,3,3,3,3,E,3,3,3,3,E,,,
247,21,21,21,21,21,21,21,E,,23,23,23,23,23,23,23,23,23,E,21,21,21,21,21,21,21,E,23,23,23,23,23,23,23,23,23,E,,,
248,,16,16,16,16,E,16,16,16,16,E,,7,7,7,7,E,3,3,3,3,E,3,3,3,3,E,16,16,16,16,E,16,16,16,16,E,,,
249,21,21,21,21,21,21,21,E,,23,23,23,23,23,23,23,23,23,E,21,21,21,21,21,21,21,E,23,23,23,23,23,23,23,23,23,E,,,
250,6,6,6,6,E,6,6,6,6,E,6,6,6,6,E,,,3,3,3,3,E,3,3,3,3,E,3,3,3,3,E,3,3,3,3,E,,,
251,21,21,21,21,21,21,21,E,,23,23,23,23,23,23,23,23,23,E,21,21,21,21,21,21,21,E,23,23,23,23,23,23,23,23,23,E,,,
252,6,6,6,6,E,6,6,6,6,E,6,6,6,6,E,,,3,3,3,3,E,3,3,3,3,E,3,3,3,3,E,3,3,3,3,E,,,
253,21,21,21,21,21,21,21,E,,23,23,23,23,23,23,23,23,23,E,21,21,21,21,21,21,21,E,23,23,23,23,23,23,23,23,23,E,,,
254,6,6,6,6,E,6,6,6,6,E,6,6,6,6,E,,,3,3,3,3,E,3,3,3,3,E,3,3,3,3,E,3,3,3,3,E,,,
255,21,21,21,21,21,21,21,E,,23,23,23,23,23,23,23,23,23,E,21,21,21,21,21,21,21,E,23,23,23,23,23,23,23,23,23,E,,,
256,,16,16,16,16,E,16,16,16,16,E,,7,7,7,7,E,3,3,3,3,E,3,3,3,3,E,16,16,16,16,E,16,16,16,16,E,,,
257,21,21,21,21,21,21,21,E,,23,23,23,23,23,23,23,23,23,E,21,21,21,21,21,21,21,E,23,23,23,23,23,23,23,23,23,E,,,
258,,16,16,16,16,E,16,16,16,16,E,,7,7,7,7,E,3,3,3,3,E,3,3,3,3,E,16,16,16,16,E,16,16,16,16,E,,,
259,21,21,21,21,21,21,21,E,,23,23,23,23,23,23,23,23,23,E,21,21,21,21,21,21,21,E,23,23,23,23,23,23,23,23,23,E,,,
260,,16,16,16,16,E,16,16,16,16,E,,7,7,7,7,E,3,3,3,3,E,3,3,3,3,E,16,16,16,16,E,16,16,16,16,E,,,
261,21,21,21,21,21,21,21,E,,23,23,23,23,23,23,23,23,23,E,21,21,21,21,21,21,21,E,23,23,23,23,23,23,23,23,23,E,,,
262,6,6,6,6,E,6,6,6,6,E,6,6,6,6,E,,,3,3,3,3,E,3,3,3,3,E,3,3,3,3,E,3,3,3,3,E,,,
263,21,21,21,21,21,21,21,E,,23,23,23,23,23,23,23,23,23,E,21,21,21,21,21,21,21,E,23,23,23,23,23,23,23,23,23,E,,,
264,,16,16,16,16,E,16,16,16,16,E,,7,7,7,7,E,3,3,3,3,E,3,3,3,3,E,16,16,16,16,E,16,16,16,16,E,,,
265,21,21,21,21,21,21,21,E,,23,23,23,23,23,23,23,23,23,E,21,21,21,21,21,21,21,E,23,23,23,23,23,23,23,23,23,E,,,
266,,16,16,16,16,E,16,16,16,16,E,,7,7,7,7,E,3,3,3,3,E,3,3,3,3,E,16,16,16,16,E,16,16,16,16,E,,,
267,21,21,21,21,21,21,21,E,,23,23,23,23,23,23,23,23,23,E,21,21,21,21,21,21,21,E,23,23,23,23,23,23,23,23,23,E,,,
268,,16,16,16,16,E,16,16,16,16,E,,7,7,7,7,E,3,3,3,3,E,3,3,3,3,E,16,16,16,16,E,16,16,16,16,E,,,
269,21,21,21,21,21,21,21,E,,23,23,23,23,23,23,23,23,23,E,21,21,21,21,21,21,21,E,23,23,23,23,23,23,23,23,23,E,,,
270,,16,16,16,16,E,16,16,16,16,E,,7,7,7,7,E,3,3,3,3,E,3,3,3,3,E,16,16,16,16,E,16,16,16,16,E,,,
271,21,21,21,21,21,21,21,E,,23,23,23,23,23,23,23,23,23,E,21,21,21,21,21,21,21,E,23,23,23,23,23,23,23,23,23,E,,,
272,6,6,6,6,E,6,6,6,6,E,6,6,6,6,E,,,3,3,3,3,E,3,3,3,3,E,3,3,3,3,E,3,3,3,3,E,,,
273,21,21,21,21,21,21,21,E,,23,23,23,23,23,23,23,23,23,E,21,21,21,21,21,21,21,E,23,23,23,23,23,23,23,23,23,E,,,
274,6,6,6,6,E,6,6,6,6,E,6,6,6,6,E,,,3,3,3,3,E,3,3,3,3,E,3,3,3,3,E,3,3,3,3,E,,,
275,21,21,21,21,21,21,21,E,,23,23,23,23,23,23,23,23,23,E,21,21,21,21,21,21,21,E,23,23,23,23,23,23,23,23,23,E,,,
276,,16,16,16,16,E,16,16,16,16,E,,7,7,7,7,E,3,3,3,3,E,3,3,3,3,E,16,16,16,16,E,16,16,16,16,E,,,
277,21,21,21,21,21,21,21,E,,23,23,23,23,23,23,23,23,23,E,21,21,21,21,21,21,21,E,23,23,23,23,23,23,23,23,23,E,,,
278,6,6,6,6,E,6,6,6,6,E,6,6,6,6,E,,,3,3,3,3,E,3,3,3,3,E,3,3,3,3,E,3,3,3,3,E,,,
279,21,21,21,21,21,21,21,E,,23,23,23,23,23,23,23,23,23,E,21,21,21,21,21,21,21,E,23,23,23,23,23,23,23,23,23,E,,,
280,,16,16,16,16,E,16,16,16,16,E,,7,7,7,7,E,3,3,3,3,E,3,3,3,3,E,16,16,16,16,E,16,16,16,16,E,,,
281,21,21,21,21,21,21,21,E,,23,23,23,23,23,23,23,23,23,E,21,21,21,21,21,21,21,E,23,23,23,23,23,23,23,23,23,E,,,
282,6,6,6,6,E,6,6,6,6,E,6,6,6,6,E,,,3,3,3,3,E,3,3,3,3,E,3,3,3,3,E,3,3,3,3,E,,,
283,21,21,21,21,21,21,21,E,,23,23,23,23,23,23,23,23,23,E,21,21,21,21,21,21,21,E,23,23,23,23,23,23,23,23,23,E,,,
284,6,6,6,6,E,6,6,6,6,E,6,6,6,6,E,,,3,3,3,3,E,3,3,3,3,E,3,3,3,3,E,3,3,3,3,E,,,
285,21,21,21,21,21,21,21,E,,23,23,23,23,23,23,23,23,23,E,21,21,21,21,21,21,21,E,23,23,23,23,23,23,23,23,23,E,,,
286,,16,16,16,16,E,16,16,16,16,E,,7,7,7,7,E,3,3,3,3,E,3,3,3,3,E,16,16,16,16,E,16,16,16,16,E,,,
287,21,21,21,21,21,21,21,E,,23,23,23,23,23,23,23,23,23,E,21,21,21,21,21,21,21,E,23,23,23,23,23,23,23,23,23,E,,,
288,,16,16,16,16,E,16,16,16,16,E,,7,7,7,7,E,3,3,3,3,E,3,3,3,3,E,16,16,16,16,E,16,16,16,16,E,,,
289,21,21,21,21,21,21,21,E,,23,23,23,23,23,23,23,23,23,E,21,21,21,21,21,21,21,E,23,23,23,23,23,23,23,23,23,E,,,
290,,16,16,16,16,E,16,16,16,16,E,,7,7,7,7,E,3,3,3,3,E,3,3,3,3,E,16,16,16,16,E,16,16,16,16,E,,,
291,21,21,21,21,21,21,21,E,,23,23,23,23,23,23,23,23,23,E,21,21,21,21,21,21,21,E,23,23,23,23,23,23,23,23,23,E,,,
292,6,6,6,6,E,6,6,6,6,E,6,6,6,6,E,,,3,3,3,3,E,3,3,3,3,E,3,3,3,3,E,3,3,3,3,E,,,
293,21,21,21,21,21,21,21,E,,23,23,23,23,23,23,23,23,23,E,21,21,21,21,21,21,21,E,23,23,23,23,23,23,23,23,23,E,,,
294,6,6,6,6,E,6,6,6,6,E,6,6,6,6,E,,,3,3,3,3,E,3,3,3,3,E,3,3,3,3,E,3,3,3,3,E,,,
295,21,21,21,21,21,21,21,E,,23,23,23,23,23,23,23,23,23,E,21,21,21,21,21,21,21,E,23,23,23,23,23,23,23,23,23,E,,,
296,6,6,6,6,E,6,6,6,6,E,6,6,6,6,E,,,3,3,3,3,E,3,3,3,3,E,3,3,3,3,E,3,3,3,3,E,,,
297,21,21,21,21,21,21,21,E,,23,23,23,23,23,23,23,23,23,E,21,21,21,21,21,21,21,E,23,23,23,23,23,23,23,23,23,E,,,
298,,16,16,16,16,E,16,16,16,16,E,,7,7,7,7,E,3,3,3,3,E,3,3,3,3,E,16,16,16,16,E,16,16,16,16,E,,,
299,21,21,21,21,21,21,21,E,,23,23,23,23,23,23,23,23,23,E,21,21,21,21,21,21,21,E,23,23,23,23,23,23,23,23,23,E,,,
300,6,6,6,6,E,6,6,6,6,E,6,6,6,6,E,,,3,3,3,3,E,3,3,3,3,E,3,3,3,3,E,3,3,3,3,E,,,
301,21,21,21,21,21,21,21,E,,23,23,23,23,23,23,23,23,23,E,21,21,21,21,21,21,21,E,23,23,23,23,23,23,23,23,23,E,,,
302,6,6,6,6,E,6,6,6,6,E,6,6,6,6,E,,,3,3,3,3,E,3,3,3,3,E,3,3,3,3,E,3,3,3,3,E,,,
303,21,21,21,21,21,21,21,E,,23,23,23,23,23,23,23,23,23,E,21,21,21,21,21,21,21,E,23,23,23,23,23,23,23,23,23,E,,,
304,6,6,6,6,E,6,6,6,6,E,6,6,6,6,E,,,3,3,3,3,E,3,3,3,3,E,3,3,3,3,E,3,3,3,3,E,,,
305,21,21,21,21,21,21,21,E,,23,23,23,23,23,23,23,23,23,E,21,21,21,21,21,21,21,E,23,23,23,23,23,23,23,23,23,E,,,
306,6,6,6,6,E,6,6,6,6,E,6,6,6,6,E,,,3,3,3,3,E,3,3,3,3,E,3,3,3,3,E,3,3,3,3,E,,,
307,21,21,21,21,21,21,21,E,,23,23,23,23,23,23,23,23,23,E,21,21,21,21,21,21,21,E,23,23,23,23,23,23,23,23,23,E,,,
308,,16,16,16,16,E,16,16,16,16,E,,7,7,7,7,E,3,3,3,3,E,3,3,3,3,E,16,16,16,16,E,16,16,16,16,E,,,
309,21,21,21,21,21,21,21,E,,23,23,23,23,23,23,23,23,23,E,21,21,21,21,21,21,21,E,23,23,23,23,23,23,23,23,23,E,,,
310,6,6,6,6,E,6,6,6,6,E,6,6,6,6,E,,,3,3,3,3,E,3,3,3,3,E,3,3,3,3,E,3,3,3,3,E,,,
311,21,21,21,21,21,21,21,E,,23,23,23,23,23,23,23,23,23,E,21,21,21,21,21,21,21,E,23,23,23,23,23,23,23,23,23,E,,,
312,,16,16,16,16,E,16,16,16,16,E,,7,7,7,7,E,3,3,3,3,E,3,3,3,3,E,16,16,16,16,E,16,16,16,16,E,,,
313,21,21,21,21,21,21,21,E,,23,23,23,23,23,23,23,23,23,E,21,21,21,21,21,21,21,E,23,23,23,23,23,23,23,23,23,E,,,
314,,16,16,16,16,E,16,16,16,16,E,,7,7,7,7,E,3,3,3,3,E,3,3,3,3,E,16,16,16,16,E,16,16,16,16,E,,,
315,21,21,21,21,21,21,21,E,,23,23,23,23,23,23,23,23,23,E,21,21,21,21,21,21,21,E,23,23,23,23,23,23,23,23,23,E,,,
316,,16,16,16,16,E,16,16,16,16,E,,7,7,7,7,E,3,3,3,3,E,3,3,3,3,E,16,16,16,16,E,16,16,16,16,E,,,
317,21,21,21,21,21,21,21,E,,23,23,23,23,23,23,23,23,23,E,21,21,21,21,21,21,21,E,23,23,23,23,23,23,23,23,23,E,,,
318,6,6,6,6,E,6,6,6,6,E,6,6,6,6,E,,,3,3,3,3,E,3,3,3,3,E,3,3,3,3,E,3,3,3,3,E,,,
319,21,21,21,21,21,21,21,E,,23,23,23,23,23,23,23,23,23,E,21,21,21,21,21,21,21,E,23,23,23,23,23,23,23,23,23,E,,,
320,,16,16,16,16,E,16,16,16,16,E,,7,7,7,7,E,3,3,3,3,E,3,3,3,3,E,16,16,16,16,E,16,16,16,16,E,,,
321,21,21,21,21,21,21,21,E,,23,23,23,23,23,23,23,23,23,E,21,21,21,21,21,21,21,E,23,23,23,23,23,23,23,23,23,E,,,
322,6,6,6,6,E,6,6,6,6,E,6,6,6,6,E,,,3,3,3,3,E,3,3,3,3,E,3,3,3,3,E,3,3,3,3,E,,,
323,21,21,21,21,21,21,21,E,,23,23,23,23,23,23,23,23,23,E,21,21,21,21,21,21,21,E,23,23,23,23,23,23,23,23,23,E,,,
324,6,6,6,6,E,6,6,6,6,E,6,6,6,6,E,,,3,3,3,3,E,3,3,3,3,E,3,3,3,3,E,3,3,3,3,E,,,
325,21,21,21,21,21,21,21,E,,23,23,23,23,23,23,23,23,23,E,21,21,21,21,21,21,21,E,23,23,23,23,23,23,23,23,23,E,,,
326,,16,16,16,16,E,16,16,16,16,E,,7,7,7,7,E,3,3,3,3,E,3,3,3,3,E,16,16,16,16,E,16,16,16,16,E,,,
327,21,21,21,21,21,21,21,E,,23,23,23,23,23,23,23,23,23,E,21,21,21,21,21,21,21,E,23,23,23,23,23,23,23,23,23,E,,,
328,,16,16,16,16,E,16,16,16,16,E,,7,7,7,7,E,3,3,3,3,E,3,3,3,3,E,16,16,16,16,E,16,16,16,16,E,,,
329,21,21,21,21,21,21,21,E,,23,23,23,23,23,23,23,23,23,E,21,21,21,21,21,21,21,E,23,23,23,23,23,23,23,23,23,E,,,
330,,16,16,16,16,E,16,16,16,16,E,,7,7,7,7,E,3,3,3,3,E,3,3,3,3,E,16,16,16,16,E,16,16,16,16,E,,,
331,21,21,21,21,21,21,21,E,,23,23,23,23,23,23,23,23,23,E,21,21,21,21,21,21,21,E,23,23,23,23,23,23,23,23,23,E,,,
332,6,6,6,6,E,6,6,6,6,E,6,6,6,6,E,,,3,3,3,3,E,3,3,3,3,E,3,3,3,3,E,3,3,3,3,E,,,
333,21,21,21,21,21,21,21,E,,23,23,23,23,23,23,23,23,23,E,21,21,21,21,21,21,21,E,23,23,23,23,23,23,23,23,23,E,,,
334,,16,16,16,16,E,16,16,16,16,E,,7,7,7,7,E,3,3,3,3,E,3,3,3,3,E,16,16,16,16,E,16,16,16,16,E,,,
335,21,21,21,21,21,21,21,E,,23,23,23,23,23,23,23,23,23,E,21,21,21,21,21,21,21,E,23,23,23,23,23,23,23,23,23,E,,,
336,,16,16,16,16,E,16,16,16,16,E,,7,7,7,7,E,3,3,3,3,E,3,3,3,3,E,16,16,16,16,E,16,16,16,16,E,,,
337,21,21,21,21,21,21,21,E,,23,23,23,23,23,23,23,23,23,E,21,21,21,21,21,21,21,E,23,23,23,23,23,23,23,23,23,E,,,
338,6,6,6,6,E,6,6,6,6,E,6,6,6,6,E,,,3,3,3,3,E,3,3,3,3,E,3,3,3,3,E,3,3,3,3,E,,,
339,21,21,21,21,21,21,21,E,,23,23,23,23,23,23,23,23,23,E,21,21,21,21,21,21,21,E,23,23,23,23,23,23,23,23,23,E,,,
340,6,6,6,6,E,6,6,6,6,E,6,6,6,6,E,,,3,3,3,3,E,3,3,3,3,E,3,3,3,3,E,3,3,3,3,E,,,
341,21,21,21,21,21,21,21,E,,23,23,23,23,23,23,23,23,23,E,21,21,21,21,21,21,21,E,23,23,23,23,23,23,23,23,23,E,,,
342,6,6,6,6,E,6,6,6,6,E,6,6,6,6,E,,,3,3,3,3,E,3,3,3,3,E,3,3,3,3,E,3,3,3,3,E,,,
343,21,21,21,21,21,21,21,E,,23,23,23,23,23,23,23,23,23,E,21,21,21,21,21,21,21,E,23,23,23,23,23,23,23,23,23,E,,,
344,,16,16,16,16,E,16,16,16,16,E,,7,7,7,7,E,3,3,3,3,E,3,3,3,3,E,16,16,16,16,E,16,16,16,16,E,,,
345,21,21,21,21,21,21,21,E,,23,23,23,23,23,23,23,23,23,E,21,21,21,21,21,21,21,E,23,23,23,23,23,23,23,23,23,E,,,
346,6,6,6,6,E,6,6,6,6,E,6,6,6,6,E,,,3,3,3,3,E,3,3,3,3,E,3,3,3,3,E,3,3,3,3,E,,,
347,21,21,21,21,21,21,21,E,,23,23,23,23,23,23,23,23,23,E,21,21,21,21,21,21,21,E,23,23,23,23,23,23,23,23,23,E,,,
348,,16,16,16,16,E,16,16,16,16,E,,7,7,7,7,E,3,3,3,3,E,3,3,3,3,E,16,16,16,16,E,16,16,16,16,E,,,
349,21,21,21,21,21,21,21,E,,23,23,23,23,23,23,23,23,23,E,21,21,21,21,21,21,21,E,23,23,23,23,23,23,23,23,23,E,,,
350,,16,16,16,16,E,16,16,16,16,E,,7,7,7,7,E,3,3,3,3,E,3,3,3,3,E,16,16,16,16,E,16,16,16,16,E,,,
351,21,21,21,21,21,21,21,E,,23,23,23,23,23,23,23,23,23,E,21,21,21,21,21,21,21,E,23,23,23,23,23,23,23,23,23,E,,,
352,6,6,6,6,E,6,6,6,6,E,6,6,6,6,E,,,3,3,3,3,E,3,3,3,3,E,3,3,3,3,E,3,3,3,3,E,,,
353,21,21,21,21,21,21,21,E,,23,23,23,23,23,23,23,23,23,E,21,21,21,21,21,21,21,E,23,23,23,23,23,23,23,23,23,E,,,
354,6,6,6,6,E,6,6,6,6,E,6,6,6,6,E,,,3,3,3,3,E,3,3,3,3,E,3,3,3,3,E,3,3,3,3,E,,,
355,21,21,21,21,21,21,21,E,,23,23,23,23,23,23,23,23,23,E,21,21,21,21,21,21,21,E,23,23,23,23,23,23,23,23,23,E,,,
356,6,6,6,6,E,6,6,6,6,E,6,6,6,6,E,,,3,3,3,3,E,3,3,3,3,E,3,3,3,3,E,3,3,3,3,E,,,
357,21,21,21,21,21,21,21,E,,23,23,23,23,23,23,23,23,23,E,21,21,21,21,21,21,21,E,23,23,23,23,23,23,23,23,23,E,,,
358,,16,16,16,16,E,16,16,16,16,E,,7,7,7,7,E,3,3,3,3,E,3,3,3,3,E,16,16,16,16,E,16,16,16,16,E,,,
359,21,21,21,21,21,21,21,E,,23,23,23,23,23,23,23,23,23,E,21,21,21,21,21,21,21,E,23,23,23,23,23,23,23,23,23,E,,,
360,,16,16,16,16,E,16,16,16,16,E,,7,7,7,7,E,3,3,3,3,E,3,3,3,3,E,16,16,16,16,E,16,16,16,16,E,,,
361,21,21,21,21,21,21,21,E,,23,23,23,23,23,23,23,23,23,E,21,21,21,21,21,21,21,E,23,23,23,23,23,23,23,23,23,E,,,
362,,16,16,16,16,E,16,16,16,16,E,,7,7,7,7,E,3,3,3,3,E,3,3,3,3,E,16,16,16,16,E,16,16,16,16,E,,,
363,21,21,21,21,21,21,21,E,,23,23,23,23,23,23,23,23,23,E,21,21,21,21,21,21,21,E,23,23,23,23,23,23,23,23,23,E,,,
364,6,6,6,6,E,6,6,6,6,E,6,6,6,6,E,,,3,3,3,3,E,3,3,3,3,E,3,3,3,3,E,3,3,3,3,E,,,
365,21,21,21,21,21,21,21,E,,23,23,23,23,23,23,23,23,23,E,21,21,21,21,21,21,21,E,23,23,23,23,23,23,23,23,23,E,,,
366,,16,16,16,16,E,16,16,16,16,E,,7,7,7,7,E,3,3,3,3,E,3,3,3,3,E,16,16,16,16,E,16,16,16,16,E,,,
367,21,21,21,21,21,21,21,E,,23,23,23,23,23,23,23,23,23,E,21,21,21,21,21,21,21,E,23,23,23,23,23,23,23,23,23,E,,,
368,6,6,6,6,E,6,6,6,6,E,6,6,6,6,E,,,3,3,3,3,E,3,3,3,3,E,3,3,3,3,E,3,3,3,3,E,,,
369,21,21,21,21,21,21,21,E,,23,23,23,23,23,23,23,23,23,E,21,21,21,21,21,21,21,E,23,23,23,23,23,23,23,23,23,E,,,
370,6,6,6,6,E,6,6,6,6,E,6,6,6,6,E,,,3,3,3,3,E,3,3,3,3,E,3,3,3,3,E,3,3,3,3,E,,,
371,21,21,21,21,21,21,21,E,,23,23,23,23,23,23,23,23,23,E,21,21,21,21,21,21,21,E,23,23,23,23,23,23,23,23,23,E,,,
372,6,6,6,6,E,6,6,6,6,E,6,6,6,6,E,,,3,3,3,3,E,3,3,3,3,E,3,3,3,3,E,3,3,3,3,E,,,
373,21,21,21,21,21,21,21,E,,23,23,23,23,23,23,23,23,23,E,21,21,21,21,21,21,21,E,23,23,23,23,23,23,23,23,23,E,,,
374,6,6,6,6,E,6,6,6,6,E,6,6,6,6,E,,,3,3,3,3,E,3,3,3,3,E,3,3,3,3,E,3,3,3,3,E,,,
375,21,21,21,21,21,21,21,E,,23,23,23,23,23,23,23,23,23,E,21,21,21,21,21,21,21,E,23,23,23,23,23,23,23,23,23,E,,,
376,6,6,6,6,E,6,6,6,6,E,6,6,6,6,E,,,3,3,3,3,E,3,3,3,3,E,3,3,3,3,E,3,3,3,3,E,,,
377,21,21,21,21,21,21,21,E,,23,23,23,23,23,23,23,23,23,E,21,21,21,21,21,21,21,E,23,23,23,23,23,23,23,23,23,E,,,
378,6,6,6,6,E,6,6,6,6,E,6,6,6,6,E,,,3,3,3,3,E,3,3,3,3,E,3,3,3,3,E,3,3,3,3,E,,,
379,21,21,21,21,21,21,21,E,,23,23,23,23,23,23,23,23,23,E,21,21,21,21,21,21,21,E,23,23,23,23,23,23,23,23,23,E,,,
380,6,6,6,6,E,6,6,6,6,E,6,6,6,6,E,,,3,3,3,3,E,3,3,3,3,E,3,3,3,3,E,3,3,3,3,E,,,
381,21,21,21,21,21,21,21,E,,23,23,23,23,23,23,23,23,23,E,21,21,21,21,21,21,21,E,23,23,23,23,23,23,23,23,23,E,,,
382,6,6,6,6,E,6,6,6,6,E,6,6,6,6,E,,,3,3,3,3,E,3,3,3,3,E,3,3,3,3,E,3,3,3,3,E,,,
383,21,21,21,21,21,21,21,E,,23,23,23,23,23,23,23,23,23,E,21,21,21,21,21,21,21,E,23,23,23,23,23,23,23,23,23,E,,,
384,6,6,6,6,E,6,6,6,6,E,6,6,6,6,E,,,3,3,3,3,E,3,3,3,3,E,3,3,3,3,E,3,3,3,3,E,,,
385,21,21,21,21,21,21,21,E,,23,23,23,23,23,23,23,23,23,E,21,21,21,21,21,21,21,E,23,23,23,23,23,23,23,23,23,E,,,
386,6,6,6,6,E,6,6,6,6,E,6,6,6,6,E,,,3,3,3,3,E,3,3,3,3,E,3,3,3,3,E,3,3,3,3,E,,,
387,21,21,21,21,21,21,21,E,,23,23,23,23,23,23,23,23,23,E,21,21,21,21,21,21,21,E,23,23,23,23,23,23,23,23,23,E,,,
388,,16,16,16,16,E,16,16,16,16,E,,7,7,7,7,E,3,3,3,3,E,3,3,3,3,E,16,16,16,16,E,16,16,16,16,E,,,
389,21,21,21,21,21,21,21,E,,23,23,23,23,23,23,23,23,23,E,21,21,21,21,21,21,21,E,23,23,23,23,23,23,23,23,23,E,,,
390,,16,16,16,16,E,16,16,16,16,E,,7,7,7,7,E,3,3,3,3,E,3,3,3,3,E,16,16,16,16,E,16,16,16,16,E,,,
391,21,21,21,21,21,21,21,E,,23,23,23,23,23,23,23,23,23,E,21,21,21,21,21,21,21,E,23,23,23,23,23,23,23,23,23,E,,,
392,,16,16,16,16,E,16,16,16,16,E,,7,7,7,7,E,3,3,3,3,E,3,3,3,3,E,16,16,16,16,E,16,16,16,16,E,,,
393,21,21,21,21,21,21,21,E,,23,23,23,23,23,23,23,23,23,E,21,21,21,21,21,21,21,E,23,23,23,23,23,23,23,23,23,E,,,
394,,16,16,16,16,E,16,16,16,16,E,,7,7,7,7,E,3,3,3,3,E,3,3,3,3,E,16,16,16,16,E,16,16,16,16,E,,,
395,21,21,21,21,21,21,21,E,,23,23,23,23,23,23,23,23,23,E,21,21,21,21,21,21,21,E,23,23,23,23,23,23,23,23,23,E,,,
396,6,6,6,6,E,6,6,6,6,E,6,6,6,6,E,,,3,3,3,3,E,3,3,3,3,E,3,3,3,3,E,3,3,3,3,E,,,
397,21,21,21,21,21,21,21,E,,23,23,23,23,23,23,23,23,23,E,21,21,21,21,21,21,21,E,23,23,23,23,23,23,23,23,23,E,,,
398,6,6,6,6,E,6,6,6,6,E,6,6,6,6,E,,,3,3,3,3,E,3,3,3,3,E,3,3,3,3,E,3,3,3,3,E,,,
399,21,21,21,21,21,21,21,E,,23,23,23,23,23,23,23,23,23,E,21,21,21,21,21,21,21,E,23,23,23,23,23,23,23,23,23,E,,,
400,,16,16,16,16,E,16,16,16,16,E,,7,7,7,7,E,3,3,3,3,E,3,3,3,3,E,16,16,16,16,E,16,16,16,16,E,,,
